11632.4       10361       1.57681e-12
11597.7       10309       8.94998e-12
11563.1       10257       6.81773e-12
11528.5       10205       -4.7015e-12
11493.9       10153       -1.07572e-10
11459.3       10101       -3.21827e-10
11424.7       10049       6.52722e-10
11390       9997.06       2.36313e-09
11355.4       9945.07       -5.60769e-09
11320.8       9893.07       -5.33621e-09
11286.2       9841.08       1.67268e-08
11251.6       9789.09       1.59542e-08
11217       9737.1       -3.11117e-08
11182.3       9685.1       -3.48771e-08
11147.7       9633.11       3.85106e-08
11113.1       9581.12       -1.81374e-08
11078.5       9529.13       -3.85859e-10
11043.9       9477.13       3.29834e-08
11009.3       9425.14       -8.32975e-09
10974.6       9373.15       3.20323e-09
10940       9321.16       -1.16511e-09
10905.4       9269.16       -8.94956e-09
10870.8       9217.17       -3.15835e-09
10836.2       9165.18       2.02652e-09
10801.6       9113.19       7.90968e-10
10766.9       9061.19       -4.41637e-10
10732.3       9009.2       -1.37441e-13
10697.7       8957.21       1.85394e-11
10663.1       8905.22       -9.7528e-13
10628.5       8853.22       -2.50474e-14
11615.8       10372.1       1.0966e-12
11580.6       10319.7       -5.7725e-12
11545.4       10267.3       1.48158e-11
11510.2       10215       -2.21039e-11
11475       10162.6       4.24322e-11
11439.8       10110.2       -1.44697e-10
11404.6       10057.8       -1.05348e-09
11369.4       10005.5       1.80778e-09
11334.2       9953.09       3.32877e-09
11299       9900.71       -1.02232e-08
11263.8       9848.34       -9.53268e-09
11228.6       9795.96       2.79311e-08
11193.4       9743.59       2.55198e-08
11158.2       9691.21       -1.75575e-08
11123       9638.84       -6.08926e-08
11087.8       9586.47       9.85041e-09
11052.6       9534.09       4.61777e-08
11017.4       9481.72       3.4347e-08
10982.2       9429.34       -2.93524e-09
10947       9376.97       -8.67289e-09
10911.8       9324.59       1.69031e-09
10876.6       9272.22       3.53813e-09
10841.4       9219.84       -1.78285e-09
10806.2       9167.47       1.44718e-09
10771       9115.1       4.13893e-10
10735.8       9062.72       1.72123e-10
10700.6       9010.35       -4.11183e-11
10665.4       8957.97       -1.88516e-11
10630.2       8905.6       1.43359e-12
10595       8853.22       6.56913e-13
11599.3       10383.2       -8.4837e-12
11563.5       10330.5       -6.41067e-12
11527.7       10277.7       5.18875e-11
11491.9       10225       -1.94335e-11
11456.1       10172.2       2.48364e-11
11420.3       10119.4       2.76619e-10
11384.5       10066.7       -1.81083e-10
11348.7       10013.9       -3.70501e-10
11312.9       9961.16       4.83528e-09
11277.1       9908.4       2.80002e-10
11241.3       9855.64       -1.71038e-08
11205.6       9802.88       -1.82296e-08
11169.8       9750.12       2.52133e-10
11134       9697.36       4.07338e-08
11098.2       9644.61       4.44509e-08
11062.4       9591.85       -1.03679e-07
11026.6       9539.09       -1.86745e-08
10990.8       9486.33       1.06722e-07
10955       9433.57       1.28927e-08
10919.2       9380.81       -1.6546e-08
10883.4       9328.05       -5.46159e-10
10847.6       9275.29       -2.18326e-08
10811.8       9222.54       3.09611e-09
10776       9169.78       1.52473e-09
10740.2       9117.02       -3.35203e-10
10704.4       9064.26       1.1007e-10
10668.6       9011.5       3.64389e-11
10632.8       8958.74       2.29886e-12
10597       8905.98       -2.66033e-12
10561.3       8853.22       -2.08716e-13
11582.8       10394.4       1.47471e-11
11546.4       10341.3       -1.2671e-11
11510       10288.2       -5.15891e-11
11473.6       10235       1.31389e-10
11437.2       10181.9       -5.9587e-11
11400.9       10128.7       1.73688e-10
11364.5       10075.6       -2.41642e-10
11328.1       10022.4       -6.03128e-10
11291.7       9969.28       3.81906e-09
11255.3       9916.14       -1.11617e-09
11218.9       9862.99       -4.4153e-09
11182.5       9809.85       1.22455e-08
11146.1       9756.7       -2.37728e-08
11109.7       9703.55       5.8857e-09
11073.3       9650.41       8.20555e-08
11036.9       9597.26       2.20488e-08
11000.5       9544.12       -4.04583e-08
10964.1       9490.97       -5.20806e-08
10927.7       9437.83       -2.21941e-10
10891.3       9384.68       5.25461e-08
10854.9       9331.54       -2.44204e-09
10818.5       9278.39       -2.21322e-08
10782.1       9225.24       7.98646e-10
10745.7       9172.1       -8.61734e-10
10709.3       9118.95       8.62174e-10
10672.9       9065.81       2.99872e-10
10636.5       9012.66       -3.62385e-11
10600.1       8959.52       2.20321e-12
10563.7       8906.37       2.55543e-12
10527.3       8853.22       -3.91407e-13
11566.4       10405.7       2.34044e-13
11529.4       10352.2       2.67032e-11
11492.4       10298.7       -4.56057e-11
11455.4       10245.1       -8.31852e-11
11418.4       10191.6       2.66434e-11
11381.4       10138.1       2.33776e-10
11344.4       10084.5       -7.68978e-10
11307.4       10031       -3.23901e-10
11270.4       9977.46       8.96399e-10
11233.4       9923.92       7.32367e-09
11196.4       9870.39       -8.35919e-10
11159.3       9816.85       -4.88069e-09
11122.3       9763.32       -1.80077e-08
11085.3       9709.78       1.19185e-08
11048.3       9656.25       3.85792e-08
11011.3       9602.71       3.75942e-08
10974.3       9549.18       7.68927e-08
10937.3       9495.64       -5.17366e-08
10900.3       9442.11       -1.0179e-07
10863.3       9388.57       3.21882e-09
10826.3       9335.04       2.94513e-08
10789.3       9281.5       2.07022e-08
10752.3       9227.97       -1.09669e-08
10715.3       9174.43       -4.74138e-09
10678.3       9120.9       4.15829e-10
10641.3       9067.36       5.7729e-11
10604.2       9013.83       8.34147e-11
10567.2       8960.29       8.498e-12
10530.2       8906.76       -2.83896e-12
10493.2       8853.22       6.10647e-14
11550.1       10417.1       -3.33486e-12
11512.4       10363.2       -1.28332e-11
11474.8       10309.2       5.172e-11
11437.2       10255.3       7.19357e-11
11399.6       10201.4       7.06667e-13
11361.9       10147.5       -4.24682e-10
11324.3       10093.5       2.19765e-09
11286.7       10039.6       -6.98153e-10
11249.1       9985.69       -8.21486e-09
11211.4       9931.76       1.34951e-08
11173.8       9877.83       -4.10526e-09
11136.2       9823.91       1.20783e-08
11098.5       9769.98       -3.84998e-08
11060.9       9716.05       -5.26065e-08
11023.3       9662.13       2.76064e-08
10985.7       9608.2       -4.17805e-08
10948       9554.27       2.75423e-08
10910.4       9500.35       3.36867e-10
10872.8       9446.42       -3.81444e-08
10835.2       9392.49       -3.36173e-08
10797.5       9338.57       -3.36429e-08
10759.9       9284.64       2.67795e-08
10722.3       9230.71       1.06963e-08
10684.7       9176.79       -1.74232e-09
10647       9122.86       -2.63717e-09
10609.4       9068.93       -5.30306e-10
10571.8       9015       1.31528e-10
10534.2       8961.08       5.78725e-12
10496.5       8907.15       2.67107e-12
10458.9       8853.22       -1.89803e-13
11533.7       10428.5       5.64821e-12
11495.5       10374.2       -1.06174e-12
11457.2       10319.9       -5.90828e-11
11419       10265.6       -3.02168e-11
11380.7       10211.3       3.37143e-10
11342.5       10156.9       2.03234e-10
11304.2       10102.6       -2.32011e-09
11266       10048.3       4.77201e-11
11227.7       9993.97       -1.38586e-09
11189.5       9939.65       -9.40564e-09
11151.2       9885.33       -1.77636e-08
11113       9831       4.57689e-08
11074.7       9776.68       -1.41134e-08
11036.4       9722.36       -2.79306e-08
10998.2       9668.04       -4.54544e-08
10959.9       9613.72       -4.30414e-09
10921.7       9559.4       6.71546e-08
10883.4       9505.08       -2.73099e-08
10845.2       9450.76       -7.63354e-09
10806.9       9396.44       -2.76308e-08
10768.7       9342.11       -1.40865e-08
10730.4       9287.79       -1.47515e-08
10692.2       9233.47       3.19163e-09
10653.9       9179.15       5.76649e-09
10615.6       9124.83       9.67186e-10
10577.4       9070.51       -4.36232e-10
10539.1       9016.19       -1.64845e-10
10500.9       8961.87       -1.68469e-12
10462.6       8907.55       5.09536e-12
10424.4       8853.22       -6.56236e-14
11517.5       10440       -2.00836e-12
11478.6       10385.3       2.42475e-11
11439.7       10330.6       9.0187e-11
11400.8       10275.9       -2.93838e-10
11361.9       10221.2       -2.28371e-10
11323       10166.5       9.80372e-10
11284.1       10111.7       1.84667e-09
11245.2       10057       -1.04242e-10
11206.4       10002.3       -1.83336e-08
11167.5       9947.58       1.1653e-08
11128.6       9892.86       1.17078e-08
11089.7       9838.15       -1.39693e-08
11050.8       9783.43       2.07107e-08
11011.9       9728.71       1.59073e-08
10973       9673.99       -1.08158e-07
10934.1       9619.27       -4.45569e-08
10895.2       9564.56       2.5745e-08
10856.3       9509.84       1.62015e-08
10817.4       9455.12       4.56624e-08
10778.5       9400.4       -3.58501e-08
10739.7       9345.69       -5.71667e-09
10700.8       9290.97       -3.98837e-09
10661.9       9236.25       -2.684e-09
10623       9181.53       -3.89949e-10
10584.1       9126.81       1.05429e-09
10545.2       9072.1       2.98668e-10
10506.3       9017.38       -7.16733e-12
10467.4       8962.66       -2.19794e-11
10428.5       8907.94       -4.03816e-12
10389.6       8853.22       5.92079e-13
11501.3       10451.6       -7.06489e-12
11461.7       10396.5       1.75761e-11
11422.2       10341.4       -1.47775e-11
11382.7       10286.3       2.43796e-10
11343.1       10231.2       -3.08246e-10
11303.6       10176       -4.72403e-10
11264       10120.9       9.60911e-11
11224.5       10065.8       1.14219e-08
11185       10010.7       -1.87951e-09
11145.4       9955.57       -2.35706e-08
11105.9       9900.45       -1.63659e-08
11066.4       9845.33       1.00654e-07
11026.8       9790.21       2.17482e-09
10987.3       9735.1       -4.74042e-08
10947.7       9679.98       1.69188e-08
10908.2       9624.86       -3.17622e-08
10868.7       9569.75       -5.75932e-08
10829.1       9514.63       -1.84588e-08
10789.6       9459.51       2.91692e-08
10750.1       9404.39       2.9777e-08
10710.5       9349.28       6.0039e-10
10671       9294.16       -3.23266e-08
10631.4       9239.04       1.44402e-09
10591.9       9183.93       1.02822e-09
10552.4       9128.81       5.09252e-10
10512.8       9073.69       5.11696e-11
10473.3       9018.58       5.69648e-11
10433.8       8963.46       -1.41301e-13
10394.2       8908.34       -5.60756e-13
10354.7       8853.22       -3.92228e-13
11485.1       10463.3       -1.01051e-11
11444.9       10407.7       -2.58718e-11
11404.7       10352.2       2.62065e-11
11364.5       10296.7       1.65102e-10
11324.3       10241.2       -2.59511e-10
11284.1       10185.7       2.69913e-10
11244       10130.2       -2.12787e-09
11203.8       10074.6       1.36582e-09
11163.6       10019.1       8.73099e-09
11123.4       9963.6       1.2159e-08
11083.2       9908.08       -4.11103e-08
11043       9852.56       -6.27859e-08
11002.8       9797.04       4.09857e-08
10962.6       9741.52       2.15399e-07
10922.4       9686       -2.57716e-08
10882.2       9630.49       -1.06339e-07
10842       9574.97       -4.70182e-08
10801.8       9519.45       -1.24761e-08
10761.6       9463.93       -6.68648e-08
10721.4       9408.41       3.63984e-08
10681.2       9352.89       7.2952e-09
10641       9297.37       1.73598e-08
10600.9       9241.85       -7.61512e-09
10560.7       9186.34       -1.76002e-09
10520.5       9130.82       -5.24274e-10
10480.3       9075.3       2.38787e-10
10440.1       9019.78       1.52895e-11
10399.9       8964.26       1.88049e-12
10359.7       8908.74       -1.9778e-13
10319.5       8853.22       -2.45685e-14
11469       10475       1.32481e-11
11428.1       10419.1       2.84145e-12
11387.3       10363.1       -1.48757e-10
11346.4       10307.2       2.54173e-11
11305.6       10251.3       5.33513e-10
11264.7       10195.4       3.61357e-10
11223.8       10139.4       -8.60648e-10
11183       10083.5       -2.39566e-12
11142.1       10027.6       -5.45791e-09
11101.3       9971.68       9.6823e-09
11060.4       9915.76       1.91278e-08
11019.6       9859.83       -5.83811e-10
10978.7       9803.91       -1.18046e-07
10937.8       9747.99       -5.79254e-09
10897       9692.06       1.0107e-07
10856.1       9636.14       2.1507e-07
10815.3       9580.22       -2.40822e-07
10774.4       9524.3       -1.34979e-07
10733.5       9468.37       -1.87865e-08
10692.7       9412.45       1.74329e-08
10651.8       9356.53       -6.10554e-11
10611       9300.61       4.92516e-09
10570.1       9244.68       -2.59711e-10
10529.2       9188.76       -1.69063e-09
10488.4       9132.84       -8.82196e-10
10447.5       9076.91       -2.24023e-10
10406.7       9020.99       5.07124e-12
10365.8       8965.07       6.52376e-12
10325       8909.15       4.70799e-13
10284.1       8853.22       -6.56296e-14
11452.9       10486.8       2.46535e-12
11411.4       10430.4       3.23883e-11
11369.9       10374.1       1.0829e-10
11328.3       10317.8       -4.14478e-10
11286.8       10261.5       -5.33983e-10
11245.3       10205.1       -7.10769e-12
11203.7       10148.8       3.24186e-09
11162.2       10092.5       -1.10928e-09
11120.7       10036.1       -1.74777e-09
11079.1       9979.81       5.03377e-09
11037.6       9923.48       -1.29906e-08
10996.1       9867.15       5.09362e-08
10954.5       9810.82       -2.33611e-08
10913       9754.49       -7.83401e-09
10871.5       9698.16       -1.18471e-07
10829.9       9641.83       5.01205e-09
10788.4       9585.5       8.03373e-08
10746.9       9529.17       6.31856e-08
10705.3       9472.84       -9.26289e-08
10663.8       9416.52       -7.00036e-08
10622.3       9360.19       4.55762e-08
10580.7       9303.86       9.5239e-09
10539.2       9247.53       2.16449e-09
10497.7       9191.2       -4.30498e-10
10456.1       9134.87       -8.00978e-11
10414.6       9078.54       -1.93584e-10
10373.1       9022.21       -2.04824e-11
10331.5       8965.88       -2.66613e-13
10290       8909.55       3.2194e-13
10248.5       8853.22       9.57177e-14
11436.9       10498.6       -9.84498e-12
11394.7       10441.9       -2.23161e-11
11352.5       10385.2       4.01049e-11
11310.3       10328.4       4.26886e-10
11268.1       10271.7       6.96697e-10
11225.8       10214.9       -2.10675e-09
11183.6       10158.2       -2.55747e-09
11141.4       10101.5       6.85452e-09
11099.2       10044.7       1.82177e-08
11057       9987.98       -1.36132e-08
11014.8       9931.25       -2.57427e-08
10972.5       9874.51       1.64943e-08
10930.3       9817.77       -5.23535e-08
10888.1       9761.03       9.12019e-08
10845.9       9704.29       4.58583e-08
10803.7       9647.56       -7.04754e-08
10761.4       9590.82       -4.38103e-08
10719.2       9534.08       1.45836e-08
10677       9477.34       1.36823e-07
10634.8       9420.6       3.54617e-10
10592.6       9363.87       -3.65226e-08
10550.4       9307.13       -1.46767e-08
10508.1       9250.39       9.64456e-09
10465.9       9193.65       5.26258e-09
10423.7       9136.91       -2.43596e-10
10381.5       9080.18       -2.84105e-11
10339.3       9023.44       -3.26966e-11
10297       8966.7       -1.69332e-12
10254.8       8909.96       6.30313e-14
10212.6       8853.22       5.14107e-15
11421       10510.6       3.89651e-12
11378.1       10453.4       -1.4573e-11
11335.2       10396.3       -1.34269e-10
11292.2       10339.1       9.14947e-11
11249.3       10282       1.03993e-09
11206.4       10224.8       1.05677e-09
11163.5       10167.7       -2.48377e-09
11120.6       10110.5       -2.16415e-08
11077.7       10053.4       -3.17178e-09
11034.8       9996.21       5.7827e-08
10991.9       9939.06       4.0611e-08
10948.9       9881.91       -5.68242e-08
10906       9824.76       -9.52045e-08
10863.1       9767.61       -1.64738e-08
10820.2       9710.46       1.02636e-07
10777.3       9653.31       6.48951e-08
10734.4       9596.16       1.17129e-07
10691.5       9539.02       -3.06615e-09
10648.6       9481.87       -1.09921e-08
10605.6       9424.72       1.29499e-08
10562.7       9367.57       1.25534e-08
10519.8       9310.42       4.05654e-09
10476.9       9253.27       -1.01044e-08
10434       9196.12       -2.01859e-09
10391.1       9138.97       8.34297e-10
10348.2       9081.82       1.19988e-10
10305.3       9024.67       -1.19593e-12
10262.3       8967.52       -3.06466e-12
10219.4       8910.37       -4.1046e-13
10176.5       8853.22       -7.54661e-15
11405.1       10522.5       8.16017e-13
11361.5       10465       5.41341e-12
11317.8       10407.4       -2.45173e-11
11274.2       10349.9       -1.65646e-10
11230.6       10292.3       -4.56275e-10
11187       10234.7       1.27436e-09
11143.4       10177.2       6.50842e-09
11099.8       10119.6       -3.387e-09
11056.1       10062       -2.36268e-08
11012.5       10004.5       -5.16674e-08
10968.9       9946.92       2.74823e-08
10925.3       9889.36       1.98663e-07
10881.7       9831.79       5.58403e-08
10838.1       9774.23       -3.23054e-07
10794.4       9716.67       -1.5097e-07
10750.8       9659.11       1.25125e-08
10707.2       9601.54       2.30995e-09
10663.6       9543.98       1.61455e-07
10620       9486.42       2.62012e-08
10576.4       9428.85       1.12139e-08
10532.7       9371.29       -1.72194e-08
10489.1       9313.73       -3.61104e-09
10445.5       9256.16       4.15676e-09
10401.9       9198.6       -5.35268e-10
10358.3       9141.04       -5.65307e-10
10314.7       9083.48       -7.87322e-11
10271       9025.91       1.07463e-11
10227.4       8968.35       4.38829e-12
10183.8       8910.79       1.04173e-13
10140.2       8853.22       -4.83062e-14
11389.2       10534.6       1.03714e-12
11344.9       10476.6       -6.7396e-12
11300.6       10418.7       -2.82866e-11
11256.2       10360.7       9.32619e-11
11211.9       10302.7       -6.50041e-10
11167.6       10244.7       -6.81306e-10
11123.2       10186.7       7.97597e-10
11078.9       10128.8       6.4682e-09
11034.6       10070.8       1.59052e-08
10990.2       10012.8       -3.65678e-08
10945.9       9954.82       -1.14035e-07
10901.6       9896.85       -5.13238e-08
10857.3       9838.87       1.8807e-07
10812.9       9780.89       3.47229e-07
10768.6       9722.91       6.55288e-08
10724.3       9664.93       -3.96364e-07
10679.9       9606.95       -3.50019e-07
10635.6       9548.97       1.82698e-07
10591.3       9490.99       6.66537e-08
10546.9       9433.01       1.01854e-08
10502.6       9375.03       1.63508e-08
10458.3       9317.06       -4.17343e-09
10413.9       9259.08       -6.01819e-09
10369.6       9201.1       -9.20415e-10
10325.3       9143.12       6.51145e-11
10280.9       9085.14       8.84414e-12
10236.6       9027.16       7.54376e-13
10192.3       8969.18       -5.99107e-13
10148       8911.2       -5.54705e-14
10103.6       8853.22       2.75298e-14
11373.4       10546.7       -2.15249e-12
11328.4       10488.4       1.13789e-11
11283.3       10430       7.20118e-11
11238.3       10371.6       -2.54212e-10
11193.2       10313.2       -1.01475e-09
11148.1       10254.8       9.77773e-10
11103.1       10196.4       -4.60976e-10
11058       10138       -5.52944e-09
11013       10079.6       2.28597e-08
10967.9       10021.2       2.55047e-08
10922.9       9962.77       -6.1721e-08
10877.8       9904.38       -5.68721e-08
10832.8       9845.98       -1.20515e-07
10787.7       9787.58       -1.17502e-07
10742.6       9729.19       3.53207e-07
10697.6       9670.79       4.26298e-07
10652.5       9612.39       -8.51904e-08
10607.5       9553.99       -2.91634e-07
10562.4       9495.6       -1.36601e-07
10517.4       9437.2       2.39438e-08
10472.3       9378.8       2.84367e-08
10427.3       9320.4       8.35895e-09
10382.2       9262.01       2.76156e-09
10337.1       9203.61       -1.12518e-09
10292.1       9145.21       -4.61342e-10
10247       9086.81       -3.79788e-11
10202       9028.42       1.14328e-13
10156.9       8970.02       5.94986e-13
10111.9       8911.62       1.26877e-13
10066.8       8853.22       -2.45172e-15
11357.7       10559       -5.58102e-12
11311.9       10500.1       2.31962e-11
11266.1       10441.3       6.08947e-11
11220.3       10382.5       6.5275e-11
11174.5       10323.7       -2.5997e-10
11128.7       10264.9       -9.20893e-10
11082.9       10206       -1.7134e-09
11037.1       10147.2       1.83707e-09
10991.4       10088.4       2.03647e-08
10945.6       10029.6       2.61531e-08
10899.8       9970.77       -3.50147e-08
10854       9911.95       1.33939e-09
10808.2       9853.13       -4.59489e-08
10762.4       9794.32       -1.23324e-07
10716.6       9735.5       -1.49678e-07
10670.8       9676.68       1.30435e-07
10625       9617.86       2.30958e-07
10579.2       9559.04       1.58704e-07
10533.4       9500.22       -4.58546e-08
10487.7       9441.41       -5.10943e-08
10441.9       9382.59       -4.18038e-08
10396.1       9323.77       2.58876e-09
10350.3       9264.95       1.10736e-08
10304.5       9206.13       1.84966e-09
10258.7       9147.32       2.47559e-11
10212.9       9088.5       -3.88633e-11
10167.1       9029.68       -8.98788e-12
10121.3       8970.86       -8.23415e-13
10075.5       8912.04       -3.47491e-14
10029.8       8853.22       2.92664e-15
11342       10571.2       4.62627e-12
11295.5       10512       -3.2229e-11
11248.9       10452.7       -4.4797e-11
11202.4       10393.5       1.58154e-10
11155.8       10334.3       8.35618e-10
11109.3       10275       -1.23971e-10
11062.8       10215.8       -3.084e-09
11016.2       10156.5       -3.65535e-09
10969.7       10097.3       6.72604e-09
10923.2       10038.1       5.99571e-08
10876.6       9978.81       4.92759e-08
10830.1       9919.57       -1.0027e-08
10783.6       9860.33       -6.2619e-09
10737       9801.09       -4.88132e-08
10690.5       9741.84       -5.71615e-08
10643.9       9682.6       -1.21568e-07
10597.4       9623.36       -9.45802e-09
10550.9       9564.12       1.03862e-07
10504.3       9504.88       6.01964e-08
10457.8       9445.64       2.844e-08
10411.3       9386.4       -2.4672e-09
10364.7       9327.15       -1.10319e-08
10318.2       9267.91       -9.56796e-09
10271.7       9208.67       -6.83505e-10
10225.1       9149.43       6.01746e-10
10178.6       9090.19       1.10153e-10
10132       9030.95       5.91372e-13
10085.5       8971.71       -5.6928e-13
10039       8912.47       -5.83899e-14
9992.44       8853.22       -3.10876e-15
11326.4       10583.6       -4.36935e-12
11279.1       10523.9       2.49924e-11
11231.8       10464.2       6.44274e-11
11184.5       10404.6       -2.43116e-10
11137.2       10344.9       -3.5518e-10
11089.9       10285.2       4.06279e-09
11042.6       10225.6       -7.12782e-11
10995.3       10165.9       -5.25848e-09
10948       10106.2       -6.39668e-09
10900.7       10046.6       1.71517e-08
10853.4       9986.89       3.56963e-08
10806.1       9927.23       5.0304e-08
10758.8       9867.56       6.61671e-08
10711.5       9807.89       4.0165e-09
10664.3       9748.23       -1.65545e-07
10617       9688.56       -2.38281e-07
10569.7       9628.89       -3.7091e-08
10522.4       9569.23       3.03563e-08
10475.1       9509.56       5.32191e-08
10427.8       9449.89       2.13535e-08
10380.5       9390.23       1.08778e-08
10333.2       9330.56       4.04438e-09
10285.9       9270.89       1.3183e-09
10238.6       9211.23       -9.848e-10
10191.3       9151.56       -3.51227e-10
10144       9091.89       -3.07336e-11
10096.7       9032.22       4.22056e-12
10049.5       8972.56       1.21802e-12
10002.2       8912.89       4.69374e-14
9954.87       8853.22       -2.40802e-15
11310.8       10596       -8.73022e-12
11262.7       10535.9       -4.5005e-11
11214.6       10475.8       -1.80752e-12
11166.6       10415.7       7.21507e-10
11118.5       10355.6       1.48196e-09
11070.5       10295.5       -2.89972e-09
11022.4       10235.4       -6.64701e-09
10974.3       10175.3       2.3882e-09
10926.3       10115.2       1.24309e-08
10878.2       10055.1       -1.19677e-08
10830.2       9995.02       -1.85781e-08
10782.1       9934.93       -4.76133e-09
10734.1       9874.83       7.51103e-08
10686       9814.74       1.65639e-07
10637.9       9754.64       9.3445e-08
10589.9       9694.55       -9.44031e-08
10541.8       9634.46       -1.77011e-07
10493.8       9574.36       -1.08203e-07
10445.7       9514.27       4.2364e-09
10397.6       9454.17       2.76809e-08
10349.6       9394.08       9.41825e-09
10301.5       9333.98       2.45862e-09
10253.5       9273.89       9.27016e-10
10205.4       9213.79       -5.91306e-11
10157.3       9153.7       -4.5099e-11
10109.3       9093.6       -1.54532e-11
10061.2       9033.51       -2.20201e-12
10013.2       8973.41       -2.52095e-13
9965.1       8913.32       3.02187e-15
9917.04       8853.22       1.96701e-15
11295.2       10608.4       5.12264e-12
11246.4       10547.9       5.04499e-12
11197.6       10487.4       -6.25137e-11
11148.7       10426.9       -4.44632e-10
11099.9       10366.3       2.29839e-10
11051       10305.8       5.29152e-09
11002.2       10245.3       6.17708e-09
10953.4       10184.8       -4.06866e-09
10904.5       10124.2       -2.57427e-08
10855.7       10063.7       -2.04228e-08
10806.9       10003.2       7.03001e-08
10758       9942.67       -3.69691e-09
10709.2       9882.15       -4.99513e-08
10660.3       9821.62       7.08419e-08
10611.5       9761.1       1.50714e-07
10562.7       9700.57       1.272e-07
10513.8       9640.05       6.04779e-08
10465       9579.52       -1.4024e-08
10416.2       9519       -8.28127e-08
10367.3       9458.47       -3.38633e-08
10318.5       9397.95       -4.15144e-09
10269.6       9337.42       2.6331e-09
10220.8       9276.9       2.69435e-09
10172       9216.37       4.73722e-10
10123.1       9155.85       7.48783e-12
10074.3       9095.32       -5.37402e-12
10025.5       9034.8       -1.03578e-12
9976.62       8974.27       -1.9771e-13
9927.78       8913.75       -1.07596e-14
9878.94       8853.22       -5.02331e-16
11279.8       10621       2.265e-12
11230.1       10560       2.86683e-11
11180.5       10499.1       5.75196e-11
11130.9       10438.1       -5.02275e-11
11081.3       10377.2       -1.53094e-09
11031.6       10316.2       -4.49537e-09
10982       10255.2       -2.89449e-10
10932.4       10194.3       1.35357e-08
10882.7       10133.3       4.92872e-08
10833.1       10072.4       1.54712e-09
10783.5       10011.4       -1.04418e-07
10733.9       9950.46       -2.16165e-07
10684.2       9889.5       3.49572e-08
10634.6       9828.54       1.16806e-07
10585       9767.59       3.23315e-08
10535.4       9706.63       5.97182e-08
10485.7       9645.67       8.37998e-08
10436.1       9584.71       3.20945e-08
10386.5       9523.76       -4.66154e-09
10336.8       9462.8       -1.42684e-08
10287.2       9401.84       -8.41637e-09
10237.6       9340.88       -2.93253e-09
10188       9279.93       -8.85682e-10
10138.3       9218.97       1.74072e-10
10088.7       9158.01       5.69255e-11
10039.1       9097.05       1.0896e-11
9989.46       9036.1       7.29733e-14
9939.83       8975.14       2.22356e-14
9890.2       8914.18       -3.42837e-15
9840.58       8853.22       -1.13531e-16
11264.3       10633.6       9.18503e-14
11213.9       10572.2       -8.50778e-13
11163.5       10510.8       2.36747e-11
11113.1       10449.4       1.71737e-10
11062.6       10388       -2.84283e-10
11012.2       10326.6       -2.13734e-09
10961.8       10265.2       -3.92061e-09
10911.3       10203.9       -1.00125e-08
10860.9       10142.5       7.5942e-09
10810.5       10081.1       6.52359e-08
10760.1       10019.7       1.33132e-07
10709.6       9958.28       5.90872e-08
10659.2       9896.89       -2.44947e-07
10608.8       9835.5       -3.82127e-07
10558.4       9774.11       -2.07349e-07
10507.9       9712.72       2.25194e-07
10457.5       9651.32       2.22051e-07
10407.1       9589.93       -1.55172e-08
10356.6       9528.54       1.26366e-08
10306.2       9467.15       -7.44768e-10
10255.8       9405.75       -5.47798e-09
10205.4       9344.36       -1.94628e-09
10154.9       9282.97       -1.23777e-09
10104.5       9221.58       -1.30002e-10
10054.1       9160.19       -1.47321e-11
10003.6       9098.79       2.89507e-12
9953.22       9037.4       1.06525e-12
9902.79       8976.01       6.78562e-14
9852.37       8914.62       3.20028e-15
9801.94       8853.22       -7.32254e-18
11249       10646.3       -9.24062e-12
11197.7       10584.4       -2.1295e-11
11146.5       10522.6       -3.3203e-12
11095.3       10460.8       -5.80559e-11
11044       10399       1.5955e-11
10992.8       10337.1       7.9831e-10
10941.5       10275.3       -1.69347e-09
10890.3       10213.5       -1.69773e-09
10839.1       10151.6       -1.12197e-08
10787.8       10089.8       -1.00667e-08
10736.6       10028       2.98868e-09
10685.3       9966.15       1.08995e-07
10634.1       9904.32       2.08848e-07
10582.9       9842.5       1.35125e-07
10531.6       9780.67       -1.27774e-07
10480.4       9718.84       -3.22876e-07
10429.1       9657.01       -1.21242e-07
10377.9       9595.18       2.21783e-08
10326.7       9533.35       9.88428e-08
10275.4       9471.52       3.94896e-08
10224.2       9409.69       4.93739e-09
10172.9       9347.86       -8.30405e-10
10121.7       9286.03       -6.28574e-10
10070.5       9224.2       -1.63048e-10
10019.2       9162.37       -3.54526e-11
9967.98       9100.54       -3.30021e-12
9916.74       9038.71       -2.10183e-13
9865.5       8976.88       5.27222e-15
9814.26       8915.05       6.43905e-16
9763.02       8853.22       6.26012e-17
11233.7       10659       1.06145e-11
11181.6       10596.8       2.39129e-11
11129.5       10534.5       -1.12805e-10
11077.5       10472.2       -5.74125e-10
11025.4       10409.9       -3.92725e-10
10973.3       10347.7       -2.8172e-11
10921.3       10285.4       1.42617e-09
10869.2       10223.1       2.86489e-10
10817.2       10160.9       5.25892e-09
10765.1       10098.6       1.53626e-08
10713       10036.3       -5.12141e-09
10661       9974.06       -2.23451e-08
10608.9       9911.8       -8.19109e-08
10556.8       9849.53       -1.16266e-08
10504.8       9787.26       7.25673e-08
10452.7       9724.99       4.09606e-08
10400.7       9662.72       -1.85075e-09
10348.6       9600.45       -6.93019e-08
10296.5       9538.18       -5.59039e-08
10244.5       9475.91       -1.77579e-08
10192.4       9413.64       2.31883e-09
10140.3       9351.38       3.80639e-09
10088.3       9289.11       1.39532e-09
10036.2       9226.84       3.00122e-11
9984.14       9164.57       -1.88734e-11
9932.08       9102.3       -2.90872e-12
9880.02       9040.03       -2.46086e-13
9827.95       8977.76       -1.82159e-14
9775.89       8915.49       -3.79828e-16
9723.83       8853.22       -8.51056e-19
11218.4       10671.8       -7.91419e-13
11165.5       10609.1       3.95646e-11
11112.6       10546.4       2.09977e-10
11059.7       10483.7       5.79472e-10
11006.8       10421       -1.90955e-10
10953.9       10358.3       -6.51378e-09
10901       10295.6       -1.62566e-08
10848.1       10232.9       -1.85365e-09
10795.2       10170.1       1.46487e-08
10742.3       10107.4       2.24063e-08
10689.4       10044.7       2.66294e-08
10636.5       9982.02       4.31358e-08
10583.6       9919.31       5.81307e-08
10530.7       9856.59       2.45033e-09
10477.8       9793.88       -6.2721e-08
10424.9       9731.17       -5.94068e-08
10372       9668.46       -2.11575e-08
10319.1       9605.75       1.34257e-09
10266.2       9543.04       4.88985e-09
10213.3       9480.33       2.215e-09
10160.4       9417.62       -1.00926e-09
10107.5       9354.91       -7.90933e-10
10054.6       9292.2       -2.13237e-10
10001.7       9229.49       7.90316e-11
9948.84       9166.78       3.00291e-11
9895.94       9104.07       3.10427e-12
9843.04       9041.36       8.09998e-14
9790.14       8978.65       -7.26299e-15
9737.24       8915.93       -4.77763e-16
9684.34       8853.22       -1.5007e-17
11210       10678.9       -7.53756e-12
11157.4       10616.9       -1.14974e-11
11104.8       10554.8       6.60525e-11
11052.2       10492.7       5.7568e-10
10999.6       10430.7       2.26033e-09
10947       10368.6       2.11744e-09
10894.4       10306.5       -1.2056e-08
10841.7       10244.5       -2.41777e-08
10789.1       10182.4       -3.0125e-08
10736.5       10120.4       1.93898e-08
10683.9       10058.3       7.56398e-08
10631.3       9996.23       6.46545e-08
10578.7       9934.16       9.53886e-08
10526.1       9872.1       8.31514e-08
10473.5       9810.03       -2.44261e-08
10420.9       9747.97       -3.73013e-08
10368.3       9685.91       -5.25323e-08
10315.7       9623.84       -3.70627e-08
10263       9561.78       5.81707e-10
10210.4       9499.71       2.65173e-09
10157.8       9437.65       9.99871e-10
10105.2       9375.59       4.63306e-10
10052.6       9313.52       -6.51305e-11
10000       9251.46       -6.88194e-11
9947.39       9189.39       -9.22116e-12
9894.78       9127.33       -5.47471e-13
9842.17       9065.26       2.36102e-13
9789.56       9003.2       2.56707e-14
9736.95       8941.14       7.56814e-16
9684.34       8879.07       -1.51666e-17
11201.6       10686       -2.22472e-12
11149.3       10624.6       -2.61696e-11
11097       10563.2       -6.91705e-11
11044.7       10501.8       -2.87308e-11
10992.4       10440.4       1.46621e-09
10940       10378.9       5.56293e-09
10887.7       10317.5       1.14355e-08
10835.4       10256.1       -4.58981e-09
10783.1       10194.7       -4.26038e-08
10730.8       10133.2       -9.57405e-08
10678.4       10071.8       -7.01458e-08
10626.1       10010.4       8.6124e-08
10573.8       9948.97       1.40727e-07
10521.5       9887.55       1.76054e-07
10469.2       9826.12       1.32264e-07
10416.8       9764.7       1.17684e-07
10364.5       9703.28       1.0107e-08
10312.2       9641.85       -1.27454e-08
10259.9       9580.43       -2.17434e-08
10207.5       9519.01       -1.22311e-08
10155.2       9457.58       -4.75912e-09
10102.9       9396.16       -9.31883e-10
10050.6       9334.74       1.83173e-11
9998.27       9273.31       3.91733e-11
9945.95       9211.89       9.75935e-12
9893.63       9150.47       -5.09549e-13
9841.31       9089.04       -2.12093e-14
9788.98       9027.62       2.50225e-15
9736.66       8966.2       1.58145e-15
9684.34       8904.78       9.47767e-17
11193.3       10693.2       -8.96699e-13
11141.2       10632.4       -1.77979e-11
11089.2       10571.6       -5.83554e-11
11037.2       10510.8       -1.62963e-10
10985.2       10450       1.03052e-10
10933.1       10389.2       2.1368e-09
10881.1       10328.5       1.2868e-08
10829.1       10267.7       1.72333e-08
10777       10206.9       1.01317e-08
10725       10146.1       -3.46689e-08
10673       10085.3       -1.6965e-07
10620.9       10024.5       -2.48805e-07
10568.9       9963.73       -1.08441e-07
10516.9       9902.94       2.06207e-07
10464.8       9842.15       2.75239e-07
10412.8       9781.37       2.34319e-07
10360.8       9720.58       1.0847e-07
10308.7       9659.79       3.54931e-08
10256.7       9599       1.03724e-09
10204.7       9538.21       -1.42409e-08
10152.6       9477.42       -8.42585e-09
10100.6       9416.64       -2.5605e-09
10048.6       9355.85       -3.25249e-10
9996.54       9295.06       -9.36874e-11
9944.5       9234.27       2.15061e-11
9892.47       9173.48       2.92963e-12
9840.44       9112.7       1.799e-13
9788.41       9051.91       6.3876e-15
9736.38       8991.12       -1.27565e-16
9684.34       8930.33       -4.97001e-18
11184.9       10700.3       1.61836e-12
11133.2       10640.2       -4.46609e-12
11081.4       10580       -5.33007e-11
11029.7       10519.9       -2.77174e-10
10978       10459.7       -3.2429e-10
10926.2       10399.6       -2.35459e-11
10874.5       10339.4       4.2791e-09
10822.7       10279.2       2.17375e-08
10771       10219.1       2.27274e-08
10719.2       10158.9       3.7675e-08
10667.5       10098.8       -2.17336e-09
10615.7       10038.6       -1.47817e-07
10564       9978.44       -3.73753e-07
10512.3       9918.28       -3.90838e-07
10460.5       9858.12       -1.28314e-07
10408.8       9797.97       2.29613e-07
10357       9737.81       3.59183e-07
10305.3       9677.65       1.44279e-07
10253.5       9617.49       4.64535e-08
10201.8       9557.33       4.42625e-09
10150       9497.17       -3.18899e-09
10098.3       9437.01       -1.35464e-09
10046.6       9376.86       -8.13425e-10
9994.81       9316.7       -2.03276e-10
9943.07       9256.54       -6.99767e-11
9891.32       9196.38       -5.34411e-12
9839.58       9136.22       -1.09804e-13
9787.83       9076.06       6.34979e-14
9736.09       9015.91       5.35173e-15
9684.34       8955.75       1.40483e-16
11176.6       10707.5       4.95631e-13
11125.2       10648       1.00943e-11
11073.7       10588.5       -6.8596e-12
11022.2       10528.9       -1.13753e-10
10970.8       10469.4       -6.29971e-10
10919.3       10409.8       -8.61721e-10
10867.9       10350.3       -9.06837e-10
10816.4       10290.8       7.72768e-09
10765       10231.2       1.40464e-08
10713.5       10171.7       4.22311e-08
10662       10112.2       6.38509e-08
10610.6       10052.6       6.7284e-08
10559.1       9993.11       -5.38799e-08
10507.7       9933.57       -2.69651e-07
10456.2       9874.04       -4.4822e-07
10404.7       9814.5       -3.45126e-07
10353.3       9754.97       -6.04122e-08
10301.8       9695.43       1.13582e-07
10250.4       9635.9       1.21241e-07
10198.9       9576.36       5.19261e-08
10147.5       9516.83       1.52052e-08
10096       9457.3       1.31622e-09
10044.5       9397.76       -4.2762e-10
9993.09       9338.23       -3.22313e-10
9941.63       9278.69       -1.08244e-10
9890.17       9219.16       -1.79688e-11
9838.72       9159.62       -1.9122e-12
9787.26       9100.09       -1.74726e-13
9735.8       9040.55       -2.41399e-15
9684.34       8981.02       3.01212e-16
11168.3       10714.7       -1.26631e-12
11117.1       10655.8       -8.13763e-12
11066       10596.9       -2.34975e-11
11014.8       10538       1.60124e-11
10963.6       10479.1       8.27097e-11
10912.5       10420.1       -1.00252e-09
10861.3       10361.2       -1.50902e-09
10810.1       10302.3       5.76052e-10
10758.9       10243.4       3.13223e-09
10707.8       10184.5       1.53571e-08
10656.6       10125.6       4.65692e-08
10605.4       10066.6       9.94048e-08
10554.3       10007.7       1.37523e-07
10503.1       9948.81       1.41349e-08
10451.9       9889.89       -1.45604e-07
10400.7       9830.98       -2.31907e-07
10349.6       9772.06       -2.68413e-07
10298.4       9713.15       -1.83526e-07
10247.2       9654.23       -5.51582e-08
10196.1       9595.31       2.06668e-08
10144.9       9536.4       3.05774e-08
10093.7       9477.48       1.17454e-08
10042.5       9418.56       2.06991e-09
9991.37       9359.65       2.20913e-10
9940.2       9300.73       -1.58067e-11
9889.03       9241.82       -2.10424e-11
9837.86       9182.9       -4.06015e-12
9786.69       9123.98       -4.88289e-13
9735.51       9065.07       -3.18143e-14
9684.34       9006.15       -1.41322e-15
11160       10721.9       3.07387e-13
11109.1       10663.6       -1.32907e-12
11058.2       10605.3       -3.56921e-11
11007.4       10547       -1.70412e-10
10956.5       10488.7       -2.33066e-10
10905.6       10430.4       3.70764e-10
10854.7       10372.1       -3.10931e-10
10803.8       10313.8       -2.10698e-09
10752.9       10255.5       2.17526e-09
10702       10197.2       8.65348e-09
10651.2       10138.9       1.79844e-08
10600.3       10080.6       4.26252e-08
10549.4       10022.3       8.99244e-08
10498.5       9964       9.95826e-08
10447.6       9905.69       4.98476e-08
10396.7       9847.39       -5.96771e-09
10345.9       9789.09       -7.33098e-08
10295       9730.78       -1.22458e-07
10244.1       9672.48       -1.02675e-07
10193.2       9614.18       -5.33156e-08
10142.3       9555.87       -1.65758e-08
10091.4       9497.57       -1.79114e-10
10040.5       9439.27       2.7004e-09
9989.66       9380.96       1.24948e-09
9938.77       9322.66       2.53897e-10
9887.88       9264.36       5.03924e-11
9837       9206.06       1.09969e-12
9786.11       9147.75       -4.13202e-13
9735.23       9089.45       -6.61994e-14
9684.34       9031.15       -4.9819e-15
11151.7       10729.2       2.71552e-12
11101.1       10671.5       5.71524e-12
11050.5       10613.8       1.33962e-11
10999.9       10556.1       -5.32923e-11
10949.3       10498.4       -5.70629e-10
10898.7       10440.7       -1.49727e-09
10848.1       10383       -2.52033e-09
10797.5       10325.3       -5.64004e-09
10746.9       10267.6       -1.78774e-09
10696.3       10209.9       7.61142e-09
10645.7       10152.2       1.22451e-08
10595.1       10094.5       1.99143e-08
10544.5       10036.8       5.57411e-08
10493.9       9979.13       6.29918e-08
10443.3       9921.44       3.67705e-08
10392.7       9863.74       7.12623e-08
10342.1       9806.04       4.09754e-08
10291.5       9748.35       -1.62662e-08
10240.9       9690.65       -2.95949e-08
10190.3       9632.96       -2.79799e-08
10139.7       9575.26       -2.15222e-08
10089.1       9517.57       -9.0591e-09
10038.5       9459.87       -1.84397e-09
9987.94       9402.18       -2.62556e-10
9937.34       9344.48       6.92458e-11
9886.74       9286.78       9.36708e-11
9836.14       9229.09       2.01701e-11
9785.54       9171.39       2.18465e-12
9734.94       9113.7       1.3264e-13
9684.34       9056       1.08667e-15
11143.5       10736.4       2.13493e-12
11093.2       10679.3       1.34969e-11
11042.9       10622.2       2.78407e-11
10992.5       10565.2       6.44829e-11
10942.2       10508.1       -1.13145e-10
10891.9       10451       -1.86768e-09
10841.6       10393.9       -4.9245e-09
10791.3       10336.8       -9.55002e-09
10741       10279.7       -1.37389e-08
10690.7       10222.6       5.8197e-09
10640.3       10165.5       3.00407e-08
10590       10108.4       3.10202e-08
10539.7       10051.3       5.63073e-08
10489.4       9994.22       7.28309e-08
10439.1       9937.12       5.62271e-08
10388.8       9880.03       8.91178e-08
10338.4       9822.94       7.5201e-08
10288.1       9765.84       1.72513e-08
10237.8       9708.75       5.00532e-09
10187.5       9651.66       -7.7714e-09
10137.2       9594.56       -1.41988e-08
10086.9       9537.47       -5.33892e-09
10036.6       9480.38       -2.35899e-09
9986.24       9423.28       -9.1157e-10
9935.92       9366.19       -1.78193e-10
9885.6       9309.1       -2.69232e-11
9835.29       9252       -3.84682e-12
9784.97       9194.91       1.06979e-12
9734.66       9137.82       2.67205e-13
9684.34       9080.72       3.02172e-14
11135.3       10743.7       -3.83617e-13
11085.2       10687.2       5.27353e-12
11035.2       10630.7       5.30188e-11
10985.2       10574.2       1.2021e-10
10935.1       10517.7       2.65333e-10
10885.1       10461.2       3.16913e-10
10835.1       10404.7       -1.54045e-09
10785       10348.2       -4.4113e-09
10735       10291.7       -2.01348e-08
10685       10235.2       -2.4523e-08
10634.9       10178.7       -1.92153e-08
10584.9       10122.2       -6.68383e-09
10534.9       10065.7       3.93541e-08
10484.8       10009.3       9.57502e-08
10434.8       9952.76       8.0034e-08
10384.8       9896.26       9.68694e-08
10334.8       9839.76       7.1734e-08
10284.7       9783.27       1.62991e-08
10234.7       9726.77       1.75022e-08
10184.7       9670.27       2.50476e-09
10134.6       9613.78       -2.51257e-09
10084.6       9557.28       -1.20992e-09
10034.6       9500.78       -1.56084e-09
9984.53       9444.29       -4.55827e-10
9934.5       9387.79       -9.58493e-11
9884.47       9331.29       -3.99779e-11
9834.44       9274.8       -1.31731e-11
9784.41       9218.3       -1.72972e-12
9734.37       9161.8       -1.31965e-13
9684.34       9105.31       4.44196e-15
11127       10751       -5.59915e-14
11077.3       10695.1       1.45521e-12
11027.5       10639.2       1.64716e-11
10977.8       10583.3       1.14232e-10
10928       10527.4       8.45979e-11
10878.3       10471.5       6.81881e-10
10828.5       10415.6       1.68048e-09
10778.8       10359.7       -8.45158e-10
10729       10303.8       -2.90088e-09
10679.3       10247.9       -1.51399e-08
10629.6       10192       -3.48808e-08
10579.8       10136.1       -5.38352e-08
10530.1       10080.1       -6.22028e-08
10480.3       10024.2       -1.58456e-08
10430.6       9968.34       3.51719e-08
10380.8       9912.43       1.35637e-07
10331.1       9856.53       1.2971e-07
10281.3       9800.62       5.6276e-08
10231.6       9744.72       5.45526e-08
10181.8       9688.81       1.56726e-08
10132.1       9632.91       5.59536e-09
10082.3       9577       1.66421e-09
10032.6       9521.1       -8.49644e-10
9982.83       9465.19       -3.31075e-10
9933.08       9409.29       -1.46441e-10
9883.33       9353.38       -3.47892e-11
9833.59       9297.48       -1.22012e-11
9783.84       9241.57       -2.37538e-12
9734.09       9185.67       -1.46469e-13
9684.34       9129.76       -2.9646e-14
11118.8       10758.3       -2.84417e-13
11069.4       10703       -4.6813e-13
11019.9       10647.7       3.67081e-12
10970.4       10592.4       3.05456e-11
10921       10537       2.1388e-10
10871.5       10481.7       5.0462e-10
10822       10426.4       1.4607e-09
10772.6       10371.1       1.99979e-09
10723.1       10315.8       3.64776e-09
10673.6       10260.5       -1.47872e-09
10624.2       10205.1       -1.34425e-08
10574.7       10149.8       -3.18794e-08
10525.2       10094.5       -6.47627e-08
10475.8       10039.2       -7.1455e-08
10426.3       9983.86       -9.84343e-08
10376.9       9928.54       -4.4079e-08
10327.4       9873.22       1.14552e-08
10277.9       9817.91       5.51687e-08
10228.5       9762.59       6.6758e-08
10179       9707.27       4.12814e-08
10129.5       9651.95       2.80366e-08
10080.1       9596.63       7.23944e-09
10030.6       9541.31       1.64257e-09
9981.13       9485.99       1.4918e-10
9931.67       9430.67       -4.82518e-11
9882.2       9375.36       -1.6254e-11
9832.74       9320.04       -1.33243e-11
9783.27       9264.72       -2.37845e-12
9733.81       9209.4       -4.19454e-13
9684.34       9154.08       -4.22308e-14
11110.6       10765.7       2.47146e-12
11061.5       10710.9       1.73172e-12
11012.3       10656.2       4.61947e-12
10963.1       10601.4       3.90153e-11
10913.9       10546.7       -2.21042e-11
10864.7       10492       6.88495e-10
10815.5       10437.2       6.72288e-10
10766.4       10382.5       2.7704e-09
10717.2       10327.8       2.42973e-09
10668       10273       1.30277e-08
10618.8       10218.3       -7.9195e-09
10569.6       10163.5       1.72773e-09
10520.4       10108.8       -2.75779e-08
10471.3       10054.1       -4.5226e-08
10422.1       9999.33       -7.23045e-08
10372.9       9944.6       -8.13597e-08
10323.7       9889.86       -7.38012e-08
10274.5       9835.12       -4.53715e-08
10225.4       9780.38       -1.04383e-08
10176.2       9725.65       7.16878e-09
10127       9670.91       1.7218e-08
10077.8       9616.17       9.55595e-09
10028.6       9561.43       5.8584e-09
9979.44       9506.7       1.78161e-09
9930.26       9451.96       3.88254e-10
9881.07       9397.22       6.86112e-11
9831.89       9342.48       2.02245e-12
9782.71       9287.75       -1.51148e-12
9733.53       9233.01       -4.5754e-13
9684.34       9178.27       -5.7e-14
11102.5       10773       2.88252e-12
11053.6       10718.9       1.86176e-11
11004.7       10664.7       4.82782e-11
10955.8       10610.5       1.12388e-10
10906.9       10556.4       1.60354e-10
10858       10502.2       3.60829e-10
10809.1       10448       9.10424e-10
10760.2       10393.9       1.35255e-09
10711.3       10339.7       5.71191e-09
10662.4       10285.6       5.40662e-09
10613.5       10231.4       1.95068e-09
10564.6       10177.2       8.19216e-09
10515.7       10123.1       -1.04673e-08
10466.8       10068.9       -9.13404e-09
10417.9       10014.8       -3.22632e-08
10369       9960.59       -4.56238e-08
10320.1       9906.43       -5.09604e-08
10271.2       9852.27       -5.25042e-08
10222.3       9798.11       -3.04618e-08
10173.4       9743.95       -2.65813e-08
10124.5       9689.79       -4.17862e-09
10075.6       9635.62       -2.42253e-09
10026.7       9581.46       1.61151e-09
9977.75       9527.3       9.33924e-10
9928.85       9473.14       5.44261e-10
9879.95       9418.98       1.44342e-10
9831.05       9364.82       4.4665e-11
9782.15       9310.66       4.84282e-12
9733.24       9256.49       1.7383e-12
9684.34       9202.33       4.16008e-14
11094.3       10780.4       -5.97026e-12
11045.7       10726.8       -1.41384e-11
10997.1       10673.2       1.21272e-11
10948.5       10619.6       1.67057e-10
10899.8       10566       6.74071e-10
10851.2       10512.4       1.5276e-09
10802.6       10458.8       3.03692e-09
10754       10405.3       4.12472e-09
10705.4       10351.7       6.26021e-09
10656.7       10298.1       5.7558e-09
10608.1       10244.5       1.11099e-08
10559.5       10190.9       -6.45453e-09
10510.9       10137.3       1.56501e-08
10462.3       10083.7       -6.7419e-09
10413.6       10030.1       -3.73931e-09
10365       9976.53       -3.44833e-08
10316.4       9922.94       -1.08736e-08
10267.8       9869.35       -4.47342e-08
10219.2       9815.76       -2.23659e-08
10170.5       9762.17       -1.92135e-08
10121.9       9708.58       -1.0549e-08
10073.3       9654.99       -5.40664e-09
10024.7       9601.4       -1.83703e-09
9976.06       9547.81       -2.07382e-10
9927.44       9494.22       -8.16601e-11
9878.82       9440.63       4.95884e-11
9830.2       9387.04       1.94881e-11
9781.58       9333.45       5.41523e-12
9732.96       9279.86       2.34113e-12
9684.34       9226.27       4.02282e-13
11086.2       10787.8       -5.37923e-12
11037.9       10734.8       -2.7132e-11
10989.5       10681.7       -1.01275e-10
10941.2       10628.7       -2.17632e-10
10892.8       10575.7       -2.91213e-10
10844.5       10522.7       4.15308e-10
10796.2       10469.6       3.38652e-09
10747.8       10416.6       1.30524e-08
10699.5       10363.6       2.47833e-08
10651.1       10310.6       3.74067e-08
10602.8       10257.5       2.3698e-08
10554.5       10204.5       1.28049e-08
10506.1       10151.5       3.26388e-08
10457.8       10098.5       9.60016e-09
10409.4       10045.4       9.11586e-09
10361.1       9992.42       -1.38197e-08
10312.8       9939.39       3.24055e-09
10264.4       9886.37       -2.23008e-08
10216.1       9833.34       -1.66756e-08
10167.7       9780.32       -1.66635e-08
10119.4       9727.29       -1.24377e-08
10071.1       9674.27       -3.09551e-09
10022.7       9621.24       -2.64404e-09
9974.38       9568.22       -8.35369e-10
9926.04       9515.2       -2.52215e-10
9877.7       9462.17       -3.0022e-11
9829.36       9409.15       -6.75803e-12
9781.02       9356.12       1.70089e-12
9732.68       9303.1       1.36114e-14
9684.34       9250.07       2.27984e-13
11078.1       10795.2       1.45898e-12
11030       10742.7       -4.38484e-12
10982       10690.3       -2.98925e-11
10933.9       10637.8       -2.08777e-10
10885.8       10585.3       -7.52983e-10
10837.8       10532.9       -2.04056e-09
10789.7       10480.4       -4.20184e-09
10741.7       10428       -4.48693e-09
10693.6       10375.5       -9.26821e-10
10645.5       10323       3.26935e-08
10597.5       10270.6       8.56181e-08
10549.4       10218.1       8.65574e-08
10501.4       10165.6       1.10688e-07
10453.3       10113.2       1.11434e-07
10405.2       10060.7       9.61062e-08
10357.2       10008.2       3.56026e-08
10309.1       9955.78       2.53531e-08
10261.1       9903.32       1.74077e-09
10213       9850.85       4.59602e-09
10164.9       9798.39       -7.3071e-09
10116.9       9745.93       -9.24191e-09
10068.8       9693.46       -4.59382e-09
10020.8       9641       -3.05932e-09
9972.7       9588.54       -1.04062e-09
9924.64       9536.07       -4.45502e-10
9876.58       9483.61       -7.24154e-11
9828.52       9431.14       -1.35363e-11
9780.46       9378.68       -3.51623e-12
9732.4       9326.22       -3.22905e-13
9684.34       9273.75       -8.75279e-14
11070       10802.6       2.38258e-12
11022.2       10750.7       1.58557e-11
10974.4       10698.8       3.64094e-11
10926.6       10646.9       5.077e-11
10878.9       10595       2.09618e-11
10831.1       10543.1       -7.84105e-10
10783.3       10491.2       -2.80839e-09
10735.5       10439.3       -9.59463e-09
10687.7       10387.4       -2.08209e-08
10640       10335.5       -3.51277e-08
10592.2       10283.6       -4.44115e-08
10544.4       10231.7       -4.96445e-09
10496.6       10179.7       3.06502e-08
10448.8       10127.8       1.03449e-07
10401.1       10075.9       1.8726e-07
10353.3       10024       2.25704e-07
10305.5       9972.11       2.2961e-07
10257.7       9920.2       1.53693e-07
10209.9       9868.3       8.33518e-08
10162.2       9816.39       3.43417e-08
10114.4       9764.48       2.3513e-09
10066.6       9712.57       1.31177e-09
10018.8       9660.67       -1.57017e-09
9971.03       9608.76       -4.33156e-10
9923.25       9556.85       -2.97761e-10
9875.47       9504.94       -1.31963e-10
9827.69       9453.03       -2.93256e-11
9779.91       9401.13       -8.86021e-12
9732.12       9349.22       -1.1769e-12
9684.34       9297.31       -1.46116e-13
11061.9       10810.1       8.94984e-13
11014.4       10758.7       1.46245e-11
10966.9       10707.4       5.29428e-11
10919.4       10656       1.55912e-10
10871.9       10604.7       3.47426e-10
10824.4       10553.3       7.66499e-10
10776.9       10501.9       1.0523e-09
10729.4       10450.6       -3.67825e-10
10681.9       10399.2       -3.68003e-09
10634.4       10347.9       -1.98673e-08
10586.9       10296.5       -4.52263e-08
10539.4       10245.2       -4.33041e-08
10491.9       10193.8       -7.14879e-08
10444.4       10142.5       -7.67644e-08
10396.9       10091.1       -6.1589e-08
10349.4       10039.7       -1.66634e-08
10301.9       9988.38       6.96393e-08
10254.4       9937.03       1.15934e-07
10206.9       9885.67       1.46463e-07
10159.4       9834.31       1.28398e-07
10111.9       9782.96       8.06183e-08
10064.4       9731.6       4.32946e-08
10016.9       9680.24       1.62265e-08
9969.36       9628.89       4.67532e-09
9921.85       9577.53       1.07587e-09
9874.35       9526.17       1.03518e-10
9826.85       9474.82       2.86681e-13
9779.35       9423.46       -2.31111e-12
9731.85       9372.1       -1.9036e-12
9684.34       9320.75       -1.59988e-13
11053.8       10817.6       -4.15337e-13
11006.6       10766.8       9.88609e-12
10959.4       10715.9       4.38475e-11
10912.2       10665.1       1.21501e-10
10864.9       10614.3       4.41108e-10
10817.7       10563.5       1.0502e-09
10770.5       10512.7       2.28788e-09
10723.3       10461.9       5.33083e-09
10676.1       10411.1       9.05048e-09
10628.8       10360.3       1.29965e-08
10581.6       10309.5       1.7751e-08
10534.4       10258.6       2.85388e-09
10487.2       10207.8       -1.49293e-08
10439.9       10157       -3.23993e-08
10392.7       10106.2       -7.93376e-08
10345.5       10055.4       -9.15859e-08
10298.3       10004.6       -9.0876e-08
10251       9953.78       -8.22867e-08
10203.8       9902.97       -4.23492e-08
10156.6       9852.16       -8.17923e-09
10109.4       9801.35       9.5191e-09
10062.1       9750.54       1.88022e-08
10014.9       9699.73       1.64689e-08
9967.69       9648.92       9.33921e-09
9920.46       9598.11       4.62383e-09
9873.24       9547.3       1.59155e-09
9826.02       9496.49       4.27849e-10
9778.79       9445.68       9.61967e-11
9731.57       9394.87       1.40764e-11
9684.34       9344.06       1.55943e-12
11045.8       10825.1       -1.51454e-12
10998.9       10774.8       5.55638e-12
10951.9       10724.5       2.1883e-11
10905       10674.2       8.8151e-11
10858       10624       2.64419e-10
10811.1       10573.7       6.29944e-10
10764.1       10523.4       2.22381e-09
10717.2       10473.2       5.67507e-09
10670.2       10422.9       1.07404e-08
10623.3       10372.6       2.2485e-08
10576.3       10322.4       3.61896e-08
10529.4       10272.1       5.18286e-08
10482.4       10221.8       4.20111e-08
10435.5       10171.6       4.68197e-08
10388.5       10121.3       3.9132e-08
10341.6       10071       3.27107e-08
10294.7       10020.7       3.02145e-08
10247.7       9970.48       -1.06808e-08
10200.8       9920.21       -2.2395e-08
10153.8       9869.94       -2.24846e-08
10106.9       9819.67       -2.16992e-08
10059.9       9769.4       -9.31047e-09
10013       9719.14       -3.82596e-09
9966.02       9668.87       -1.40456e-09
9919.08       9618.6       1.46074e-10
9872.13       9568.33       3.68162e-10
9825.18       9518.06       1.93563e-10
9778.24       9467.79       7.36936e-11
9731.29       9417.52       2.37044e-11
9684.34       9367.25       5.29224e-12
11037.8       10832.6       -3.52803e-12
10991.1       10782.8       5.82051e-12
10944.4       10733.1       2.75557e-11
10897.8       10683.4       8.1306e-11
10851.1       10633.6       2.16683e-10
10804.4       10583.9       6.57419e-10
10757.8       10534.2       1.68923e-09
10711.1       10484.4       3.93772e-09
10664.4       10434.7       9.22697e-09
10617.7       10385       2.10647e-08
10571.1       10335.2       3.38141e-08
10524.4       10285.5       5.48413e-08
10477.7       10235.8       5.41179e-08
10431.1       10186       6.96844e-08
10384.4       10136.3       7.46016e-08
10337.7       10086.6       9.75684e-08
10291.1       10036.8       9.90046e-08
10244.4       9987.12       7.79074e-08
10197.7       9937.38       6.15852e-08
10151       9887.65       4.2157e-08
10104.4       9837.92       2.10295e-08
10057.7       9788.18       9.61694e-09
10011       9738.45       5.05287e-09
9964.36       9688.72       1.02527e-09
9917.69       9638.99       -3.15505e-10
9871.02       9589.25       7.30888e-11
9824.35       9539.52       1.53879e-11
9777.68       9489.79       -8.02354e-12
9731.01       9440.06       1.47585e-12
9684.34       9390.32       9.96057e-13
11029.8       10840.1       -1.11984e-11
10983.4       10790.9       1.06765e-11
10937       10741.7       3.7294e-11
10890.6       10692.5       1.06855e-10
10844.2       10643.3       2.94405e-10
10797.8       10594.1       8.06132e-10
10751.4       10544.9       1.66604e-09
10705       10495.7       4.00683e-09
10658.6       10446.5       1.02811e-08
10612.2       10397.3       1.62958e-08
10565.8       10348.1       3.08783e-08
10519.4       10298.9       6.32835e-08
10473       10249.7       4.4577e-08
10426.6       10200.5       6.23441e-08
10380.3       10151.3       8.36449e-08
10333.9       10102.1       1.08194e-07
10287.5       10052.9       1.10717e-07
10241.1       10003.7       9.67878e-08
10194.7       9954.49       9.66245e-08
10148.3       9905.29       7.22438e-08
10101.9       9856.09       4.61414e-08
10055.5       9806.89       2.98109e-08
10009.1       9757.68       1.57395e-08
9962.71       9708.48       7.30803e-09
9916.31       9659.28       2.81428e-09
9869.92       9610.08       9.86446e-10
9823.53       9560.88       3.10074e-10
9777.13       9511.68       7.39956e-11
9730.74       9462.48       1.57708e-11
9684.34       9413.28       2.90851e-12
11021.8       10847.7       -3.01849e-11
10975.7       10799       1.53734e-11
10929.5       10750.3       6.95672e-11
10883.4       10701.6       1.91538e-10
10837.3       10653       4.41376e-10
10791.2       10604.3       1.08317e-09
10745.1       10555.6       2.56656e-09
10699       10506.9       5.62209e-09
10652.8       10458.3       1.06812e-08
10606.7       10409.6       2.05634e-08
10560.6       10360.9       3.59967e-08
10514.5       10312.2       6.95874e-08
10468.4       10263.6       4.36471e-08
10422.2       10214.9       6.5388e-08
10376.1       10166.2       8.84872e-08
10330       10117.5       1.06664e-07
10283.9       10068.9       1.10243e-07
10237.8       10020.2       1.03311e-07
10191.6       9971.53       1.0446e-07
10145.5       9922.85       7.79564e-08
10099.4       9874.18       5.55079e-08
10053.3       9825.51       3.53314e-08
10007.2       9776.83       2.06137e-08
9961.06       9728.16       1.06482e-08
9914.94       9679.49       4.49464e-09
9868.82       9630.81       1.66019e-09
9822.7       9582.14       6.1626e-10
9776.58       9533.47       1.71425e-10
9730.46       9484.79       4.29825e-11
9684.34       9436.12       8.30892e-12
11013.8       10855.2       -9.60622e-11
10968       10807.1       1.75995e-11
10922.1       10758.9       1.40881e-10
10876.3       10710.8       3.67226e-10
10830.4       10662.6       8.76369e-10
10784.6       10614.5       2.14292e-09
10738.8       10566.3       4.49645e-09
10692.9       10518.2       8.86283e-09
10647.1       10470       1.71578e-08
10601.2       10421.9       3.16884e-08
10555.4       10373.7       5.41995e-08
10509.5       10325.6       7.94163e-08
10463.7       10277.4       1.19217e-07
10417.8       10229.3       8.29532e-08
10372       10181.1       1.05538e-07
10326.2       10133       1.24638e-07
10280.3       10084.8       1.22689e-07
10234.5       10036.7       1.21502e-07
10188.6       9988.5       1.07348e-07
10142.8       9940.35       9.1306e-08
10096.9       9892.2       5.96894e-08
10051.1       9844.05       3.89603e-08
10005.3       9795.9       2.35898e-08
9959.41       9747.75       1.23276e-08
9913.56       9699.6       5.49393e-09
9867.72       9651.45       2.0626e-09
9821.88       9603.29       7.85469e-10
9776.03       9555.14       2.3881e-10
9730.19       9506.99       6.37229e-11
9684.34       9458.84       1.40262e-11
11005.9       10862.8       -1.48633e-10
10960.3       10815.2       -4.90482e-12
10914.7       10767.5       2.06041e-10
10869.2       10719.9       5.98993e-10
10823.6       10672.3       1.56387e-09
10778       10624.6       3.75306e-09
10732.4       10577       8.42513e-09
10686.9       10529.4       1.75744e-08
10641.3       10481.7       3.38904e-08
10595.7       10434.1       6.2004e-08
10550.2       10386.5       9.84913e-08
10504.6       10338.8       1.47276e-07
10459       10291.2       2.15662e-07
10413.5       10243.6       1.41093e-07
10367.9       10195.9       1.73199e-07
10322.3       10148.3       1.85874e-07
10276.7       10100.7       1.78808e-07
10231.2       10053       1.78527e-07
10185.6       10005.4       1.50529e-07
10140       9957.78       1.15583e-07
10094.5       9910.15       8.08003e-08
10048.9       9862.51       5.03082e-08
10003.3       9814.88       2.93916e-08
9957.76       9767.25       1.52731e-08
9912.19       9719.62       7.02176e-09
9866.62       9671.98       2.71713e-09
9821.05       9624.35       9.73067e-10
9775.48       9576.72       3.0544e-10
9729.91       9529.08       8.43566e-11
9684.34       9481.45       2.11846e-11
10997.9       10870.4       -3.03765e-11
10952.6       10823.3       -9.73344e-12
10907.3       10776.2       6.40445e-11
10862       10729.1       2.50248e-10
10816.7       10681.9       8.16561e-10
10771.4       10634.8       2.43996e-09
10726.2       10587.7       6.92768e-09
10680.9       10540.6       1.73086e-08
10635.6       10493.5       3.72744e-08
10590.3       10446.3       7.51197e-08
10545       10399.2       1.39201e-07
10499.7       10352.1       2.34768e-07
10454.4       10305       3.58162e-07
10409.1       10257.9       2.52618e-07
10363.8       10210.7       3.16454e-07
10318.5       10163.6       3.63311e-07
10273.2       10116.5       3.73286e-07
10227.9       10069.4       3.47787e-07
10182.6       10022.3       3.01353e-07
10137.3       9975.14       2.33746e-07
10092       9928.02       1.56045e-07
10046.7       9880.9       9.56265e-08
10001.4       9833.78       5.52668e-08
9956.12       9786.66       2.76451e-08
9910.82       9739.54       1.21877e-08
9865.53       9692.42       4.80866e-09
9820.23       9645.3       1.65916e-09
9774.94       9598.18       4.91578e-10
9729.64       9551.07       1.37881e-10
9684.34       9503.95       3.37261e-11
10990       10878       3.58828e-11
10945       10831.4       1.29063e-11
10900       10784.8       -2.55495e-11
10854.9       10738.2       -7.49544e-11
10809.9       10691.6       -1.59684e-10
10764.9       10645       -2.83807e-10
10719.9       10598.4       -3.96226e-10
10674.9       10551.8       -1.779e-10
10629.8       10505.2       1.70691e-09
10584.8       10458.5       9.39687e-09
10539.8       10411.9       2.78259e-08
10494.8       10365.3       6.41911e-08
10449.7       10318.7       1.27896e-07
10404.7       10272.1       2.26183e-07
10359.7       10225.5       1.77918e-07
10314.7       10178.9       2.48997e-07
10269.6       10132.3       3.04844e-07
10224.6       10085.7       3.39829e-07
10179.6       10039       3.44127e-07
10134.6       9992.44       3.01331e-07
10089.6       9945.83       2.35052e-07
10044.5       9899.22       1.6483e-07
9999.51       9852.6       1.01644e-07
9954.48       9805.99       5.61556e-08
9909.46       9759.38       2.71427e-08
9864.44       9712.77       1.13828e-08
9819.41       9666.16       4.21041e-09
9774.39       9619.55       1.34864e-09
9729.37       9572.94       3.74736e-10
9684.34       9526.33       9.03756e-11
10982.1       10885.7       9.71437e-11
10937.4       10839.6       4.05046e-11
10892.6       10793.5       -3.62285e-11
10847.9       10747.4       -1.47988e-10
10803.1       10701.3       -4.35811e-10
10758.4       10655.2       -1.16912e-09
10713.6       10609.1       -2.87196e-09
10668.9       10562.9       -6.35023e-09
10624.1       10516.8       -1.2979e-08
10579.4       10470.7       -2.46196e-08
10534.6       10424.6       -4.3319e-08
10489.9       10378.5       -7.18907e-08
10445.1       10332.4       -1.08935e-07
10400.4       10286.3       -1.50777e-07
10355.6       10240.2       -9.42561e-08
10310.9       10194.1       -1.03062e-07
10266.1       10148       -9.84376e-08
10221.4       10101.9       -8.35405e-08
10176.6       10055.8       -6.1913e-08
10131.9       10009.7       -3.84109e-08
10087.1       9963.56       -1.8021e-08
10042.4       9917.45       -3.96551e-09
9997.6       9871.35       5.90958e-09
9952.85       9825.24       8.46106e-09
9908.1       9779.13       7.00478e-09
9863.35       9733.03       4.32971e-09
9818.6       9686.92       2.05648e-09
9773.85       9640.81       8.36359e-10
9729.09       9594.71       2.94875e-10
9684.34       9548.6       9.02759e-11
10974.2       10893.4       4.2584e-10
10929.8       10847.7       2.07347e-10
10885.3       10802.1       -7.97525e-11
10840.8       10756.5       -4.26054e-10
10796.3       10710.9       -1.10406e-09
10751.8       10665.3       -2.68718e-09
10707.4       10619.7       -6.12493e-09
10662.9       10574.1       -1.31265e-08
10618.4       10528.5       -2.67143e-08
10573.9       10482.9       -5.16367e-08
10529.4       10437.3       -9.42016e-08
10485       10391.7       -1.59018e-07
10440.5       10346.1       -2.47554e-07
10396       10300.5       -3.55128e-07
10351.5       10254.9       -2.35988e-07
10307.1       10209.3       -2.84934e-07
10262.6       10163.6       -3.16207e-07
10218.1       10118       -3.2865e-07
10173.6       10072.4       -3.14103e-07
10129.1       10026.8       -2.72987e-07
10084.7       9981.22       -2.14275e-07
10040.2       9935.61       -1.51412e-07
9995.7       9890.01       -9.58244e-08
9951.22       9844.4       -5.4373e-08
9906.74       9798.79       -2.76256e-08
9862.26       9753.19       -1.25057e-08
9817.78       9707.58       -5.02826e-09
9773.3       9661.97       -1.78525e-09
9728.82       9616.37       -5.58232e-10
9684.34       9570.76       -1.51617e-10
10966.4       10901       1.32536e-09
10922.2       10855.9       7.08253e-10
10878       10810.8       -5.54463e-11
10833.8       10765.7       -9.23724e-10
10789.5       10720.6       -2.36015e-09
10745.3       10675.5       -5.699e-09
10701.1       10630.4       -1.29757e-08
10656.9       10585.3       -2.78149e-08
10612.7       10540.1       -5.60043e-08
10568.5       10495       -1.05758e-07
10524.3       10449.9       -1.87083e-07
10480.1       10404.8       -3.09029e-07
10435.9       10359.7       -4.75301e-07
10391.7       10314.6       -6.7941e-07
10347.5       10269.5       -8.99825e-07
10303.3       10224.4       -5.55553e-07
10259       10179.3       -6.18369e-07
10214.8       10134.1       -6.46443e-07
10170.6       10089       -6.19365e-07
10126.4       10043.9       -5.42378e-07
10082.2       9998.81       -4.32689e-07
10038       9953.7       -3.13374e-07
9993.8       9908.59       -2.05376e-07
9949.59       9863.48       -1.2075e-07
9905.38       9818.37       -6.37775e-08
9861.18       9773.26       -3.01304e-08
9816.97       9728.15       -1.27103e-08
9772.76       9683.04       -4.75474e-09
9728.55       9637.93       -1.57606e-09
9684.34       9592.81       -4.60977e-10
10958.5       10908.7       3.03535e-09
10914.6       10864.1       1.78425e-09
10870.7       10819.5       2.16931e-10
10826.7       10774.9       -1.58555e-09
10782.8       10730.3       -4.0994e-09
10738.8       10685.6       -9.78401e-09
10694.9       10641       -2.19086e-08
10651       10596.4       -4.62347e-08
10607       10551.8       -9.1996e-08
10563.1       10507.2       -1.72306e-07
10519.2       10462.5       -3.03136e-07
10475.2       10417.9       -5.00442e-07
10431.3       10373.3       -7.69541e-07
10387.3       10328.7       -1.10005e-06
10343.4       10284.1       -1.45789e-06
10299.5       10239.4       -9.04002e-07
10255.5       10194.8       -1.01325e-06
10211.6       10150.2       -1.06622e-06
10167.7       10105.6       -1.032e-06
10123.7       10061       -9.15719e-07
10079.8       10016.3       -7.37107e-07
10035.8       9971.72       -5.38718e-07
9991.91       9927.1       -3.57475e-07
9947.97       9882.48       -2.14816e-07
9904.03       9837.86       -1.16378e-07
9860.09       9793.24       -5.68115e-08
9816.16       9748.62       -2.47521e-08
9772.22       9704       -9.59251e-09
9728.28       9659.38       -3.296e-09
9684.34       9614.76       -9.99017e-10
10950.7       10916.5       5.05375e-09
10907       10872.3       3.18434e-09
10863.4       10828.2       8.4197e-10
10819.7       10784.1       -1.84328e-09
10776       10739.9       -5.07301e-09
10732.4       10695.8       -1.19392e-08
10688.7       10651.7       -2.66978e-08
10645       10607.5       -5.65457e-08
10601.4       10563.4       -1.12379e-07
10557.7       10519.3       -2.10509e-07
10514       10475.1       -3.69924e-07
10470.4       10431       -6.08612e-07
10426.7       10386.9       -9.34827e-07
10383       10342.7       -1.3438e-06
10339.4       10298.6       -1.8029e-06
10295.7       10254.5       -1.12445e-06
10252       10210.3       -1.26309e-06
10208.4       10166.2       -1.3376e-06
10164.7       10122.1       -1.30484e-06
10121       10077.9       -1.16412e-06
10077.4       10033.8       -9.54568e-07
10033.7       9989.66       -7.14685e-07
9990.02       9945.53       -4.82923e-07
9946.35       9901.4       -2.95494e-07
9902.68       9857.26       -1.64239e-07
9859.02       9813.13       -8.25665e-08
9815.35       9769       -3.68892e-08
9771.68       9724.86       -1.46946e-08
9728.01       9680.73       -5.22259e-09
9684.34       9636.6       -1.648e-09
10942.9       10924.2       2.29513e-09
10899.5       10880.6       1.54457e-09
10856.1       10836.9       6.14444e-10
10812.7       10793.3       -5.78104e-10
10769.3       10749.6       -1.87336e-09
10725.9       10705.9       -4.5784e-09
10682.5       10662.3       -1.02123e-08
10639.1       10618.6       -2.20367e-08
10595.7       10575       -4.4342e-08
10552.3       10531.3       -8.05915e-08
10508.9       10487.7       -1.54807e-07
10465.5       10444       -2.52732e-07
10422.1       10400.4       -3.68329e-07
10378.7       10356.7       -5.64087e-07
10335.3       10313.1       -7.98297e-07
10291.9       10269.4       -9.17248e-07
10248.5       10225.8       -5.416e-07
10205.1       10182.1       -6.34482e-07
10161.7       10138.5       -5.7611e-07
10118.3       10094.8       -5.22888e-07
10074.9       10051.2       -4.64497e-07
10031.5       10007.5       -3.45075e-07
9988.14       9963.88       -2.32749e-07
9944.74       9920.23       -1.5273e-07
9901.34       9876.58       -8.69295e-08
9857.94       9832.93       -4.38868e-08
9814.54       9789.28       -2.06523e-08
9771.14       9745.63       -8.49638e-09
9727.74       9701.98       -3.18685e-09
9684.34       9658.33       -1.04103e-09
10935.1       10932       -2.53421e-08
10892       10888.8       -1.76906e-08
10848.9       10845.6       -8.0427e-09
10805.7       10802.4       2.94993e-09
10762.6       10759.3       1.45974e-08
10719.5       10716.1       3.3895e-08
10676.3       10672.9       7.46079e-08
10633.2       10629.8       1.56012e-07
10590.1       10586.6       3.04749e-07
10547       10543.4       5.70295e-07
10503.8       10500.2       9.96568e-07
10460.7       10457.1       1.62942e-06
10417.6       10413.9       2.51517e-06
10374.4       10370.7       3.60682e-06
10331.3       10327.5       4.84226e-06
10288.2       10284.4       6.04197e-06
10245       10241.2       3.44899e-06
10201.9       10198       3.71854e-06
10158.8       10154.9       3.67926e-06
10115.6       10111.7       3.35695e-06
10072.5       10068.5       2.81327e-06
10029.4       10025.3       2.15211e-06
9986.26       9982.16       1.5126e-06
9943.13       9938.99       9.6416e-07
9900       9895.82       5.57478e-07
9856.87       9852.65       2.91705e-07
9813.73       9809.47       1.37491e-07
9770.6       9766.3       5.82142e-08
9727.47       9723.13       2.20286e-08
9684.34       9679.96       7.4232e-09
10927.4       10939.7       -4.33217e-09
10884.5       10897       -3.21136e-09
10841.6       10854.3       -1.62541e-09
10798.8       10811.6       8.9662e-11
10755.9       10768.9       1.86517e-09
10713       10726.2       3.94254e-09
10670.2       10683.5       9.29871e-09
10627.3       10640.8       1.65471e-08
10584.5       10598.2       3.692e-08
10541.6       10555.5       5.4779e-08
10498.7       10512.8       1.1541e-07
10455.9       10470.1       1.54376e-07
10413       10427.4       2.79534e-07
10370.1       10384.7       3.38746e-07
10327.3       10342       5.15716e-07
10284.4       10299.3       5.61999e-07
10241.6       10256.6       3.52374e-07
10198.7       10213.9       3.4293e-07
10155.8       10171.2       3.56125e-07
10113       10128.5       3.07461e-07
10070.1       10085.8       2.57888e-07
10027.2       10043.1       1.98545e-07
9984.38       10000.4       1.40214e-07
9941.52       9957.67       8.93007e-08
9898.66       9914.97       5.27879e-08
9855.79       9872.27       2.7229e-08
9812.93       9829.57       1.3332e-08
9770.07       9786.88       5.47291e-09
9727.21       9744.18       2.19542e-09
9684.34       9701.48       7.0377e-10
10919.6       10947.5       6.96678e-09
10877       10905.3       5.22135e-09
10834.4       10863.1       2.96211e-09
10791.8       10820.9       4.32624e-10
10749.2       10778.6       -2.19841e-09
10706.6       10736.4       -5.23671e-09
10664       10694.2       -1.15366e-08
10621.4       10651.9       -2.34289e-08
10578.8       10609.7       -4.57885e-08
10536.3       10567.5       -8.44998e-08
10493.7       10525.2       -1.45234e-07
10451.1       10483       -2.41864e-07
10408.5       10440.8       -3.62675e-07
10365.9       10398.6       -5.30554e-07
10323.3       10356.3       -7.02133e-07
10280.7       10314.1       -8.89014e-07
10238.1       10271.9       -1.01623e-06
10195.5       10229.6       -5.56121e-07
10152.9       10187.4       -5.57539e-07
10110.3       10145.2       -5.18884e-07
10067.7       10103       -4.41355e-07
10025.1       10060.7       -3.50562e-07
9982.51       10018.5       -2.50112e-07
9939.92       9976.27       -1.66555e-07
9897.32       9934.04       -9.91145e-08
9854.73       9891.81       -5.43781e-08
9812.13       9849.58       -2.67934e-08
9769.53       9807.36       -1.19497e-08
9726.94       9765.13       -4.78964e-09
9684.34       9722.9       -1.71902e-09
10911.9       10955.4       6.4312e-09
10869.6       10913.6       4.90815e-09
10827.2       10871.8       2.97366e-09
10784.9       10830.1       8.49727e-10
10742.6       10788.3       -1.33304e-09
10700.2       10746.5       -3.53967e-09
10657.9       10704.8       -7.61254e-09
10615.6       10663       -1.54381e-08
10573.3       10621.2       -2.96137e-08
10530.9       10579.5       -5.42143e-08
10488.6       10537.7       -9.29015e-08
10446.3       10496       -1.50662e-07
10403.9       10454.2       -2.30563e-07
10361.6       10412.4       -3.28683e-07
10319.3       10370.7       -4.42534e-07
10276.9       10328.9       -5.55714e-07
10234.6       10287.1       -6.34993e-07
10192.3       10245.4       -3.50515e-07
10150       10203.6       -3.52257e-07
10107.6       10161.8       -3.27674e-07
10065.3       10120.1       -2.84617e-07
10023       10078.3       -2.24096e-07
9980.65       10036.6       -1.63198e-07
9938.32       9994.8       -1.09223e-07
9895.99       9953.03       -6.60798e-08
9853.66       9911.27       -3.67806e-08
9811.33       9869.51       -1.85283e-08
9769       9827.74       -8.36933e-09
9726.67       9785.98       -3.46373e-09
9684.34       9744.22       -1.27566e-09
