8194.31       8194.31       2.60487e-06
8194.31       8197.29       2.25229e-06
8194.31       8200.28       1.65611e-06
8194.31       8203.27       1.24347e-06
8194.31       8206.25       8.75539e-07
8194.31       8209.24       5.65293e-07
8194.31       8212.22       3.48062e-07
8194.31       8215.21       1.43734e-07
8194.31       8218.2       -5.00979e-09
8194.31       8221.18       -1.15822e-07
8194.31       8224.17       -2.20188e-07
8194.31       8227.15       -2.82107e-07
8194.31       8230.14       -3.35938e-07
8194.31       8233.13       -3.79753e-07
8194.31       8236.11       -3.97165e-07
8194.31       8239.1       -4.19339e-07
8194.31       8242.08       -4.27035e-07
8194.31       8245.07       -4.23993e-07
8194.31       8248.06       -4.27176e-07
8194.31       8251.04       -4.15109e-07
8194.31       8254.03       -4.04331e-07
8194.31       8257.01       -3.95185e-07
8194.31       8260       -3.74641e-07
8194.31       8262.99       -3.61656e-07
8194.31       8265.97       -3.44572e-07
8194.31       8268.96       -3.22889e-07
8194.31       8271.94       -3.09123e-07
8194.31       8274.93       -2.87922e-07
8194.31       8277.92       -2.68967e-07
8194.31       8280.9       -2.54144e-07
8194.31       8283.89       -2.32357e-07
8194.31       8286.87       -2.17094e-07
8194.31       8289.86       -2.00854e-07
8194.31       8292.85       -1.81224e-07
8194.31       8295.83       -1.68575e-07
8194.31       8298.82       -1.51173e-07
8194.31       8301.8       -1.34966e-07
8194.31       8304.79       -1.22849e-07
8194.31       8307.78       -1.0505e-07
8194.31       8310.76       -9.17816e-08
8194.31       8313.75       -7.82499e-08
8194.31       8316.73       -6.10607e-08
8194.31       8319.72       -4.93833e-08
8194.31       8322.71       -3.43256e-08
8194.31       8325.69       -1.99764e-08
8194.31       8328.68       -1.06311e-08
8194.31       8331.67       1.61649e-09
8194.31       8334.65       8.12685e-09
8194.31       8337.64       1.14308e-08
8194.31       8340.62       1.56379e-08
8194.31       8343.61       1.31518e-08
8194.31       8346.6       1.18523e-08
8194.31       8349.58       1.043e-08
8194.31       8352.57       5.30018e-09
8194.31       8355.55       4.5236e-09
8194.31       8358.54       1.94896e-09
8194.31       8361.53       -9.77643e-10
8194.31       8364.51       8.75902e-11
8194.31       8367.5       -2.14046e-09
8194.31       8370.48       -2.0736e-09
8194.31       8373.47       -5.56056e-10
8194.31       8376.46       -2.13704e-09
8194.31       8379.44       -5.39782e-11
8194.31       8382.43       6.21113e-10
8194.31       8385.41       6.82362e-11
8194.31       8388.4       2.80849e-09
8194.31       8391.39       2.35649e-09
8194.31       8394.37       3.0985e-09
8194.31       8397.36       5.26359e-09
8194.31       8400.34       4.22354e-09
8194.31       8403.33       6.06004e-09
8194.31       8406.32       6.92305e-09
8194.31       8409.3       6.146e-09
8194.31       8412.29       8.37807e-09
8194.31       8415.27       7.88783e-09
8194.31       8418.26       7.99627e-09
8194.31       8421.25       9.73787e-09
8194.31       8424.23       8.45319e-09
8194.31       8427.22       9.52398e-09
8194.31       8430.2       1.01163e-08
8194.31       8433.19       8.86437e-09
8194.31       8436.18       1.04136e-08
8194.31       8439.16       9.72593e-09
8194.31       8442.15       9.1815e-09
8194.31       8445.13       1.04483e-08
8194.31       8448.12       8.9208e-09
8194.31       8451.11       9.31016e-09
8194.31       8454.09       9.67903e-09
8194.31       8457.08       8.10714e-09
8194.31       8460.06       9.16461e-09
8194.31       8463.05       8.48899e-09
8194.31       8466.04       7.63896e-09
8194.31       8469.02       8.79211e-09
8194.31       8472.01       7.47181e-09
8194.31       8475       7.74209e-09
8194.31       8477.98       8.45161e-09
8194.31       8480.97       7.24071e-09
8194.31       8483.95       8.52269e-09
8194.31       8486.94       8.57082e-09
8194.31       8489.93       8.18951e-09
8194.31       8492.91       9.92054e-09
8194.31       8495.9       9.4405e-09
8194.31       8498.88       1.01314e-08
8194.31       8501.87       1.1477e-08
8194.31       8504.86       1.0711e-08
8194.31       8507.84       1.19525e-08
8194.31       8510.83       1.2024e-08
8194.31       8513.81       1.10116e-08
8194.31       8516.8       1.17029e-08
8194.31       8519.79       1.00168e-08
8194.31       8522.77       8.77881e-09
8194.31       8525.76       8.20873e-09
8194.31       8528.74       5.48808e-09
8194.31       8531.73       4.69719e-09
8194.31       8534.72       3.48234e-09
8194.31       8537.7       1.52954e-09
8194.31       8540.69       1.91304e-09
8194.31       8543.67       8.31236e-10
8194.31       8546.66       4.26115e-10
8194.31       8549.65       1.29881e-09
8194.31       8552.63       2.7957e-10
8194.31       8555.62       9.41925e-10
8194.31       8558.6       1.33976e-09
8194.31       8561.59       5.41983e-10
8194.31       8564.58       1.69788e-09
8194.31       8567.56       1.35505e-09
8194.31       8570.55       1.15079e-09
8194.31       8573.53       2.22284e-09
8194.31       8576.52       1.37947e-09
8194.31       8579.51       1.89208e-09
8194.31       8582.49       2.39189e-09
8194.31       8585.48       1.53267e-09
8194.31       8588.46       2.51613e-09
8194.31       8591.45       2.25153e-09
8194.31       8594.44       1.83857e-09
8194.31       8597.42       2.81063e-09
8194.31       8600.41       1.96781e-09
8194.31       8603.4       2.21267e-09
8194.31       8606.38       2.70475e-09
8194.31       8609.37       1.74223e-09
8194.31       8612.35       2.50949e-09
8194.31       8615.34       2.30046e-09
8194.31       8618.33       1.7099e-09
8194.31       8621.31       2.59705e-09
8194.31       8624.3       1.81362e-09
8194.31       8627.28       1.87081e-09
8194.31       8630.27       2.41605e-09
8194.31       8633.26       1.45349e-09
8194.31       8636.24       2.08336e-09
8194.31       8639.23       1.99317e-09
8194.31       8642.21       1.29944e-09
8194.31       8645.2       2.11522e-09
8194.31       8648.19       1.39293e-09
8194.31       8651.17       1.233e-09
8194.31       8654.16       1.73267e-09
8194.31       8657.14       6.64447e-10
8194.31       8660.13       9.96614e-10
8194.31       8663.12       8.3062e-10
8194.31       8666.1       -1.42164e-10
8194.31       8669.09       4.04604e-10
8194.31       8672.07       -3.9474e-10
8194.31       8675.06       -8.22558e-10
8194.31       8678.05       -3.35027e-10
8194.31       8681.03       -1.30788e-09
8194.31       8684.02       -9.59594e-10
8194.31       8687       -7.86139e-10
8194.31       8689.99       -1.50314e-09
8194.31       8692.98       -6.6979e-10
8194.31       8695.96       -9.75468e-10
8194.31       8698.95       -1.14648e-09
8194.31       8701.93       -3.0136e-10
8194.31       8704.92       -9.38647e-10
8194.31       8707.91       -4.96981e-10
8194.31       8710.89       -5.56495e-11
8194.31       8713.88       -6.75034e-10
8194.31       8716.86       1.67299e-10
8194.31       8719.85       2.65446e-11
8194.31       8722.84       -2.26719e-10
8194.31       8725.82       6.20624e-10
8194.31       8728.81       2.5089e-11
8194.31       8731.8       2.96573e-10
8194.31       8734.78       7.62402e-10
8194.31       8737.77       6.3701e-11
8194.31       8740.75       7.47693e-10
8194.31       8743.74       6.46773e-10
8194.31       8746.73       2.34407e-10
8194.31       8749.71       1.00826e-09
8194.31       8752.7       4.3514e-10
8194.31       8755.68       5.42341e-10
8194.31       8758.67       1.04853e-09
8194.31       8761.66       3.40798e-10
8194.31       8764.64       9.35505e-10
8194.31       8767.63       9.6031e-10
8194.31       8770.61       5.12958e-10
8194.31       8773.6       1.31775e-09
8194.31       8776.59       8.92455e-10
8194.31       8779.57       9.5158e-10
8194.31       8782.56       1.57317e-09
8194.31       8785.54       9.27002e-10
8194.31       8788.53       1.43556e-09
8194.31       8791.52       1.52485e-09
8194.31       8794.5       9.18278e-10
8194.31       8797.49       1.5044e-09
8194.31       8800.47       8.90119e-10
8194.31       8803.46       4.63612e-10
8194.31       8806.45       6.57022e-10
8194.31       8809.43       -4.86571e-10
8194.31       8812.42       -6.16195e-10
8194.31       8815.4       -9.13814e-10
8194.31       8818.39       -1.91782e-09
8194.31       8821.38       -1.55179e-09
8194.31       8824.36       -2.03347e-09
8194.31       8827.35       -2.30221e-09
8194.31       8830.33       -1.6343e-09
8194.31       8833.32       -2.14187e-09
8194.31       8836.31       -1.70261e-09
8194.31       8839.29       -1.23546e-09
8194.31       8842.28       -1.64497e-09
8194.31       8845.26       -8.18665e-10
8194.31       8848.25       -8.14856e-10
8194.31       8851.24       -9.05194e-10
8194.31       8854.22       -6.57834e-11
8194.31       8857.21       -4.4351e-10
8194.31       8860.2       -9.02021e-11
8194.31       8863.18       4.26922e-10
8194.31       8866.17       -4.7026e-11
8194.31       8869.15       6.44221e-10
8194.31       8872.14       6.60104e-10
8194.31       8875.13       4.00808e-10
8194.31       8878.11       1.13603e-09
8194.31       8881.1       7.07957e-10
8194.31       8884.08       8.39182e-10
8194.31       8887.07       1.28825e-09
8194.31       8890.06       6.74688e-10
8194.31       8893.04       1.1466e-09
8194.31       8896.03       1.10435e-09
8194.31       8899.01       6.28596e-10
8194.31       8902       1.2001e-09
8194.31       8904.99       6.94267e-10
8194.31       8907.97       5.84253e-10
8194.31       8910.96       9.49286e-10
8194.31       8913.94       2.23238e-10
8194.31       8916.93       5.04347e-10
8194.31       8919.92       4.55956e-10
8194.31       8922.9       -1.46416e-10
8194.31       8925.89       3.48074e-10
8194.31       8928.87       -1.09884e-10
8194.31       8931.86       -3.13271e-10
8194.31       8934.85       1.15923e-10
8194.31       8937.83       -5.3495e-10
8194.31       8940.82       -2.62664e-10
8194.31       8943.8       -1.32252e-10
8194.31       8946.79       -6.55681e-10
8194.31       8949.78       -6.0803e-11
8194.31       8952.76       -2.91812e-10
8194.31       8955.75       -4.28684e-10
8194.31       8958.73       1.7585e-10
8194.31       8961.72       -3.04622e-10
8194.31       8964.71       -5.95535e-12
8194.31       8967.69       2.84063e-10
8194.31       8970.68       -2.24345e-10
8194.31       8973.66       3.17561e-10
8194.31       8976.65       1.09075e-10
8194.31       8979.64       -2.18873e-10
8194.31       8982.62       2.35308e-10
8194.31       8985.61       -4.08244e-10
8194.31       8988.6       -4.33385e-10
8194.31       8991.58       -3.17408e-10
8194.31       8994.57       -1.05937e-09
8194.31       8997.55       -7.38047e-10
8194.31       9000.54       -9.46456e-10
8194.31       9003.53       -1.31846e-09
8194.31       9006.51       -7.19477e-10
8194.31       9009.5       -1.05686e-09
8194.31       9012.48       -8.28522e-10
8194.31       9015.47       -2.66429e-10
8194.31       9018.46       -6.22586e-10
8194.31       9021.44       -1.90243e-11
8194.31       9024.43       1.21444e-10
8194.31       9027.41       -1.37969e-10
8194.31       9030.4       5.21905e-10
8194.31       9033.39       2.22968e-10
8194.31       9036.37       2.71363e-10
8194.31       9039.36       7.43807e-10
8194.31       9042.34       2.44064e-10
8194.31       9045.33       6.33447e-10
8194.31       9048.32       7.25841e-10
8194.31       9051.3       3.1137e-10
8194.31       9054.29       8.60736e-10
8194.31       9057.27       5.46311e-10
8194.31       9060.26       4.36251e-10
8194.31       9063.25       8.72347e-10
8194.31       9066.23       3.21006e-10
8194.31       9069.22       5.70344e-10
8194.31       9072.2       6.737e-10
8194.31       9075.19       1.63177e-10
8194.31       9078.18       6.31455e-10
8194.31       9081.16       3.44191e-10
8194.31       9084.15       1.22849e-10
8194.31       9087.13       5.59142e-10
8194.31       9090.12       1.84659e-11
8194.31       9093.11       1.76843e-10
8194.31       9096.09       3.42367e-10
8194.31       9099.08       -1.94753e-10
8194.31       9102.06       2.36324e-10
8194.31       9105.05       2.63282e-11
8194.31       9108.04       -2.60577e-10
8194.31       9111.02       1.94785e-10
8194.31       9114.01       -3.0606e-10
8194.31       9116.99       -2.28573e-10
8194.31       9119.98       -8.55584e-12
8194.31       9122.97       -5.70774e-10
8194.31       9125.95       -1.99401e-10
8194.31       9128.94       -3.46239e-10
8194.31       9131.93       -7.01682e-10
8194.31       9134.91       -2.45338e-10
8194.31       9137.9       -6.91633e-10
8194.31       9140.88       -6.69589e-10
8194.31       9143.87       -3.53029e-10
8194.31       9146.86       -8.53944e-10
8194.31       9149.84       -4.49155e-10
8194.31       9152.83       -4.13407e-10
8194.31       9155.81       -7.00607e-10
8194.31       9158.8       -1.19663e-10
8194.31       9161.79       -3.89982e-10
8194.31       9164.77       -3.39027e-10
8194.31       9167.76       1.08528e-10
8194.31       9170.74       -3.24203e-10
8194.31       9173.73       5.40008e-11
8194.31       9176.72       1.69846e-10
8194.31       9179.7       -1.76634e-10
8194.31       9182.69       3.58821e-10
8194.31       9185.67       1.1192e-10
8194.31       9188.66       4.83876e-11
8194.31       9191.65       4.8833e-10
8194.31       9194.63       2.59985e-11
8194.31       9197.62       2.90475e-10
8194.31       9200.6       4.27203e-10
8194.31       9203.59       3.23019e-13
8194.31       9206.58       4.67743e-10
8194.31       9209.56       2.4797e-10
8194.31       9212.55       8.22157e-11
8194.31       9215.53       5.22541e-10
8194.31       9218.52       6.88172e-11
8194.31       9221.51       2.53309e-10
8194.31       9224.49       4.5082e-10
8194.31       9227.48       3.29812e-12
8194.31       9230.46       4.47161e-10
8194.31       9233.45       3.10212e-10
8194.31       9236.44       1.00776e-10
8194.31       9239.42       5.7879e-10
8194.31       9242.41       1.80385e-10
8194.31       9245.39       3.08565e-10
8194.31       9248.38       5.67702e-10
8194.31       9251.37       1.01478e-10
8194.31       9254.35       4.82672e-10
8194.31       9257.34       3.74146e-10
8194.31       9260.33       4.43354e-11
8194.31       9263.31       4.41791e-10
8194.31       9266.3       -2.28714e-11
8194.31       9269.28       -9.6863e-11
8194.31       9272.27       7.11305e-11
8194.31       9275.26       -5.48737e-10
8194.31       9278.24       -3.57012e-10
8194.31       9281.23       -5.08901e-10
8194.31       9284.21       -9.53927e-10
8194.31       9287.2       -5.62314e-10
8194.31       9290.19       -9.05652e-10
8194.31       9293.17       -9.02794e-10
8194.31       9296.16       -4.78762e-10
8194.31       9299.14       -8.36007e-10
8194.31       9302.13       -4.26845e-10
8194.31       9305.12       -2.52143e-10
8194.31       9308.1       -5.10058e-10
8194.31       9311.09       4.32356e-11
8194.31       9314.07       -1.32613e-10
8194.31       9317.06       -1.49274e-10
8194.31       9320.05       3.03399e-10
8194.31       9323.03       -8.21277e-11
8194.31       9326.02       2.03509e-10
8194.31       9329       3.76433e-10
8194.31       9331.99       1.95838e-11
8194.31       9334.98       4.91259e-10
8194.31       9337.96       3.22871e-10
8194.31       9340.95       1.92717e-10
8194.31       9343.93       6.22486e-10
8194.31       9346.92       2.11256e-10
8194.31       9349.91       3.79079e-10
8194.31       9352.89       5.54087e-10
8194.31       9355.88       1.12883e-10
8194.31       9358.86       4.90852e-10
8194.31       9361.85       3.20957e-10
8194.31       9364.84       6.70797e-11
8194.31       9367.82       4.51318e-10
8194.31       9370.81       1.51264e-11
8194.31       9373.79       6.43755e-11
8194.31       9376.78       2.47135e-10
8194.31       9379.77       -2.45473e-10
8194.31       9382.75       6.42369e-11
8194.31       9385.74       -5.90407e-11
8194.31       9388.73       -3.72083e-10
8194.31       9391.71       2.55708e-11
8194.31       9394.7       -3.5095e-10
8194.31       9397.68       -3.3658e-10
8194.31       9400.67       -6.10242e-11
8194.31       9403.66       -5.02516e-10
8194.31       9406.64       -1.73692e-10
8194.31       9409.63       -1.59503e-10
8194.31       9412.61       -4.38037e-10
8194.31       9415.6       3.85595e-11
8194.31       9418.59       -2.14087e-10
8194.31       9421.57       -1.93053e-10
8194.31       9424.56       1.88194e-10
8194.31       9427.54       -1.95742e-10
8194.31       9430.53       1.17715e-10
8194.31       9433.52       2.13079e-10
8194.31       9436.5       -1.10977e-10
8194.31       9439.49       3.26672e-10
8194.31       9442.47       8.03739e-11
8194.31       9445.46       -2.99712e-11
8194.31       9448.45       2.98969e-10
8194.31       9451.43       -1.68263e-10
8194.31       9454.42       -1.37766e-11
8194.31       9457.4       4.33325e-11
8194.31       9460.39       -3.9513e-10
8194.31       9463.38       -3.6511e-11
8194.31       9466.36       -2.48311e-10
8194.31       9469.35       -4.01749e-10
8194.31       9472.33       1.32058e-11
8194.31       9475.32       -3.28808e-10
8194.31       9478.31       -9.98228e-11
8194.31       9481.29       1.67111e-10
8194.31       9484.28       -1.42008e-10
8194.31       9487.26       3.17956e-10
8194.31       9490.25       2.55835e-10
8194.31       9493.24       8.88694e-11
8194.31       9496.22       5.10441e-10
8194.31       9499.21       1.45327e-10
8194.31       9502.19       2.25112e-10
8194.31       9505.18       4.38447e-10
8194.31       9508.17       9.37563e-12
8194.31       9511.15       3.36438e-10
8194.31       9514.14       2.58442e-10
8194.31       9517.13       -1.47419e-11
8194.31       9520.11       3.8129e-10
8194.31       9523.1       4.01295e-11
8194.31       9526.08       5.00249e-11
8194.31       9529.07       3.03538e-10
8194.31       9532.06       -1.36945e-10
8194.31       9535.04       1.37647e-10
8194.31       9538.03       1.11773e-10
8194.31       9541.01       -2.10542e-10
8194.31       9544       1.80925e-10
8194.31       9546.99       -1.16379e-10
8194.31       9549.97       -1.64155e-10
8194.31       9552.96       1.36962e-10
8194.31       9555.94       -2.86299e-10
8194.31       9558.93       -4.61983e-11
8194.31       9561.92       4.22992e-12
8194.31       9564.9       -3.38134e-10
8194.31       9567.89       5.59091e-11
8194.31       9570.87       -1.75604e-10
8194.31       9573.86       -2.68123e-10
8194.31       9576.85       7.81972e-11
8194.31       9579.83       -3.20825e-10
8194.31       9582.82       -1.27283e-10
8194.31       9585.8       -1.52957e-11
8194.31       9588.79       -3.84895e-10
8194.31       9591.78       -7.83725e-12
8194.31       9594.76       -1.86539e-10
8194.31       9597.75       -3.39709e-10
8194.31       9600.73       2.9902e-11
8194.31       9603.72       -3.42756e-10
8194.31       9606.71       -1.95084e-10
8194.31       9609.69       -9.9416e-12
8194.31       9612.68       -3.73771e-10
8194.31       9615.66       1.08218e-11
8194.31       9618.65       -6.7873e-11
8194.31       9621.64       -2.27972e-10
8194.31       9624.62       2.04644e-10
8194.31       9627.61       -9.32395e-11
8194.31       9630.59       3.1633e-11
8194.31       9633.58       2.89687e-10
8194.31       9636.57       -7.7964e-11
8194.31       9639.55       2.63554e-10
8194.31       9642.54       2.22145e-10
8194.31       9645.53       -1.48405e-11
8194.31       9648.51       3.87931e-10
8194.31       9651.5       8.57367e-11
8194.31       9654.48       1.08167e-10
8194.31       9657.47       3.70295e-10
8194.31       9660.46       -3.66229e-11
8194.31       9663.44       2.33517e-10
8194.31       9666.43       2.27258e-10
8194.31       9669.41       -7.95525e-11
8194.31       9672.4       2.95315e-10
8194.31       9675.39       1.55862e-11
8194.31       9678.37       -3.69114e-11
8194.31       9681.36       2.54067e-10
8194.31       9684.34       -1.49884e-10
8197.29       8194.31       2.25229e-06
8197.29       8197.29       2.61008e-06
8197.29       8200.28       2.25668e-06
8197.29       8203.27       1.65918e-06
8197.29       8206.25       1.24563e-06
8197.29       8209.24       8.76907e-07
8197.29       8212.22       5.66036e-07
8197.29       8215.21       3.48354e-07
8197.29       8218.2       1.4363e-07
8197.29       8221.18       -5.37258e-09
8197.29       8224.17       -1.16397e-07
8197.29       8227.15       -2.20921e-07
8197.29       8230.14       -2.82925e-07
8197.29       8233.13       -3.3684e-07
8197.29       8236.11       -3.80681e-07
8197.29       8239.1       -3.98102e-07
8197.29       8242.08       -4.20286e-07
8197.29       8245.07       -4.27944e-07
8197.29       8248.06       -4.24885e-07
8197.29       8251.04       -4.28031e-07
8197.29       8254.03       -4.15909e-07
8197.29       8257.01       -4.05104e-07
8197.29       8260       -3.95895e-07
8197.29       8262.99       -3.75303e-07
8197.29       8265.97       -3.6228e-07
8197.29       8268.96       -3.45129e-07
8197.29       8271.94       -3.23413e-07
8197.29       8274.93       -3.09599e-07
8197.29       8277.92       -2.88343e-07
8197.29       8280.9       -2.69365e-07
8197.29       8283.89       -2.54488e-07
8197.29       8286.87       -2.32666e-07
8197.29       8289.86       -2.1738e-07
8197.29       8292.85       -2.01089e-07
8197.29       8295.83       -1.81443e-07
8197.29       8298.82       -1.68763e-07
8197.29       8301.8       -1.51321e-07
8197.29       8304.79       -1.35107e-07
8197.29       8307.78       -1.22949e-07
8197.29       8310.76       -1.05125e-07
8197.29       8313.75       -9.18449e-08
8197.29       8316.73       -7.82681e-08
8197.29       8319.72       -6.10679e-08
8197.29       8322.71       -4.93648e-08
8197.29       8325.69       -3.42682e-08
8197.29       8328.68       -1.99151e-08
8197.29       8331.67       -1.0535e-08
8197.29       8334.65       1.73058e-09
8197.29       8337.64       8.23831e-09
8197.29       8340.62       1.15687e-08
8197.29       8343.61       1.57633e-08
8197.29       8346.6       1.32717e-08
8197.29       8349.58       1.19806e-08
8197.29       8352.57       1.0529e-08
8197.29       8355.55       5.40172e-09
8197.29       8358.54       4.61807e-09
8197.29       8361.53       2.01784e-09
8197.29       8364.51       -8.96973e-10
8197.29       8367.5       1.49532e-10
8197.29       8370.48       -2.08865e-09
8197.29       8373.47       -2.00984e-09
8197.29       8376.46       -5.14582e-10
8197.29       8379.44       -2.08781e-09
8197.29       8382.43       -1.73569e-12
8197.29       8385.41       6.53699e-10
8197.29       8388.4       1.18742e-10
8197.29       8391.39       2.84779e-09
8197.29       8394.37       2.38765e-09
8197.29       8397.36       3.14641e-09
8197.29       8400.34       5.29057e-09
8197.29       8403.33       4.25727e-09
8197.29       8406.32       6.10012e-09
8197.29       8409.3       6.94201e-09
8197.29       8412.29       6.1821e-09
8197.29       8415.27       8.40533e-09
8197.29       8418.26       7.90443e-09
8197.29       8421.25       8.03124e-09
8197.29       8424.23       9.75292e-09
8197.29       8427.22       8.47313e-09
8197.29       8430.2       9.55255e-09
8197.29       8433.19       1.0124e-08
8197.29       8436.18       8.88875e-09
8197.29       8439.16       1.04324e-08
8197.29       8442.15       9.73257e-09
8197.29       8445.13       9.20741e-09
8197.29       8448.12       1.0456e-08
8197.29       8451.11       8.92961e-09
8197.29       8454.09       9.33195e-09
8197.29       8457.08       9.67933e-09
8197.29       8460.06       8.12189e-09
8197.29       8463.05       9.17574e-09
8197.29       8466.04       8.48489e-09
8197.29       8469.02       7.65372e-09
8197.29       8472.01       8.79003e-09
8197.29       8475       7.46874e-09
8197.29       8477.98       7.75232e-09
8197.29       8480.97       8.44034e-09
8197.29       8483.95       7.24333e-09
8197.29       8486.94       8.52584e-09
8197.29       8489.93       8.55893e-09
8197.29       8492.91       8.1989e-09
8197.29       8495.9       9.91805e-09
8197.29       8498.88       9.4372e-09
8197.29       8501.87       1.01461e-08
8197.29       8504.86       1.14733e-08
8197.29       8507.84       1.07212e-08
8197.29       8510.83       1.19683e-08
8197.29       8513.81       1.20243e-08
8197.29       8516.8       1.10333e-08
8197.29       8519.79       1.17145e-08
8197.29       8522.77       1.00233e-08
8197.29       8525.76       8.80151e-09
8197.29       8528.74       8.21069e-09
8197.29       8531.73       5.49863e-09
8197.29       8534.72       4.7115e-09
8197.29       8537.7       3.47533e-09
8197.29       8540.69       1.53903e-09
8197.29       8543.67       1.91183e-09
8197.29       8546.66       8.20122e-10
8197.29       8549.65       4.32292e-10
8197.29       8552.63       1.285e-09
8197.29       8555.62       2.71717e-10
8197.29       8558.6       9.4275e-10
8197.29       8561.59       1.32082e-09
8197.29       8564.58       5.40849e-10
8197.29       8567.56       1.69171e-09
8197.29       8570.55       1.33867e-09
8197.29       8573.53       1.15448e-09
8197.29       8576.52       2.20906e-09
8197.29       8579.51       1.36987e-09
8197.29       8582.49       1.89361e-09
8197.29       8585.48       2.37353e-09
8197.29       8588.46       1.5307e-09
8197.29       8591.45       2.51208e-09
8197.29       8594.44       2.23533e-09
8197.29       8597.42       1.84345e-09
8197.29       8600.41       2.80092e-09
8197.29       8603.4       1.95994e-09
8197.29       8606.38       2.21946e-09
8197.29       8609.37       2.69206e-09
8197.29       8612.35       1.74468e-09
8197.29       8615.34       2.51283e-09
8197.29       8618.33       2.2897e-09
8197.29       8621.31       1.71978e-09
8197.29       8624.3       2.594e-09
8197.29       8627.28       1.80937e-09
8197.29       8630.27       1.88234e-09
8197.29       8633.26       2.40859e-09
8197.29       8636.24       1.45884e-09
8197.29       8639.23       2.09231e-09
8197.29       8642.21       1.98614e-09
8197.29       8645.2       1.31238e-09
8197.29       8648.19       2.1172e-09
8197.29       8651.17       1.39029e-09
8197.29       8654.16       1.2472e-09
8197.29       8657.14       1.72715e-09
8197.29       8660.13       6.68521e-10
8197.29       8663.12       1.00613e-09
8197.29       8666.1       8.21832e-10
8197.29       8669.09       -1.32556e-10
8197.29       8672.07       4.06013e-10
8197.29       8675.06       -4.01847e-10
8197.29       8678.05       -8.13666e-10
8197.29       8681.03       -3.45073e-10
8197.29       8684.02       -1.31131e-09
8197.29       8687       -9.55072e-10
8197.29       8689.99       -8.00748e-10
8197.29       8692.98       -1.50023e-09
8197.29       8695.96       -6.7279e-10
8197.29       8698.95       -9.88132e-10
8197.29       8701.93       -1.14032e-09
8197.29       8704.92       -3.11378e-10
8197.29       8707.91       -9.44064e-10
8197.29       8710.89       -4.91264e-10
8197.29       8713.88       -6.89885e-11
8197.29       8716.86       -6.7202e-10
8197.29       8719.85       1.67602e-10
8197.29       8722.84       1.52065e-11
8197.29       8725.82       -2.183e-10
8197.29       8728.81       6.14145e-10
8197.29       8731.8       2.05824e-11
8197.29       8734.78       3.04903e-10
8197.29       8737.77       7.51698e-10
8197.29       8740.75       6.74618e-11
8197.29       8743.74       7.52945e-10
8197.29       8746.73       6.35304e-10
8197.29       8749.71       2.4117e-10
8197.29       8752.7       1.00168e-09
8197.29       8755.68       4.27094e-10
8197.29       8758.67       5.49121e-10
8197.29       8761.66       1.03616e-09
8197.29       8764.64       3.4084e-10
8197.29       8767.63       9.38885e-10
8197.29       8770.61       9.4904e-10
8197.29       8773.6       5.22312e-10
8197.29       8776.59       1.31781e-09
8197.29       8779.57       8.90123e-10
8197.29       8782.56       9.67117e-10
8197.29       8785.54       1.57138e-09
8197.29       8788.53       9.35848e-10
8197.29       8791.52       1.45041e-09
8197.29       8794.5       1.52295e-09
8197.29       8797.49       9.34416e-10
8197.29       8800.47       1.51169e-09
8197.29       8803.46       8.90031e-10
8197.29       8806.45       4.79945e-10
8197.29       8809.43       6.54478e-10
8197.29       8812.42       -4.82705e-10
8197.29       8815.4       -6.06558e-10
8197.29       8818.39       -9.2388e-10
8197.29       8821.38       -1.91229e-09
8197.29       8824.36       -1.55341e-09
8197.29       8827.35       -2.04542e-09
8197.29       8830.33       -2.29721e-09
8197.29       8833.32       -1.6467e-09
8197.29       8836.31       -2.15075e-09
8197.29       8839.29       -1.70165e-09
8197.29       8842.28       -1.25344e-09
8197.29       8845.26       -1.64711e-09
8197.29       8848.25       -8.23082e-10
8197.29       8851.24       -8.29571e-10
8197.29       8854.22       -9.00366e-10
8197.29       8857.21       -7.4761e-11
8197.29       8860.2       -4.50305e-10
8197.29       8863.18       -8.45395e-11
8197.29       8866.17       4.14087e-10
8197.29       8869.15       -4.61074e-11
8197.29       8872.14       6.4508e-10
8197.29       8875.13       6.48172e-10
8197.29       8878.11       4.07003e-10
8197.29       8881.1       1.13093e-09
8197.29       8884.08       7.03877e-10
8197.29       8887.07       8.4936e-10
8197.29       8890.06       1.28071e-09
8197.29       8893.04       6.79302e-10
8197.29       8896.03       1.15431e-09
8197.29       8899.01       1.09819e-09
8197.29       8902       6.41135e-10
8197.29       8904.99       1.20333e-09
8197.29       8907.97       6.93675e-10
8197.29       8910.96       5.99382e-10
8197.29       8913.94       9.46708e-10
8197.29       8916.93       2.29956e-10
8197.29       8919.92       5.15735e-10
8197.29       8922.9       4.50767e-10
8197.29       8925.89       -1.35059e-10
8197.29       8928.87       3.50572e-10
8197.29       8931.86       -1.14501e-10
8197.29       8934.85       -3.02381e-10
8197.29       8937.83       1.09099e-10
8197.29       8940.82       -5.35959e-10
8197.29       8943.8       -2.5899e-10
8197.29       8946.79       -1.43951e-10
8197.29       8949.78       -6.49617e-10
8197.29       8952.76       -6.04103e-11
8197.29       8955.75       -2.99822e-10
8197.29       8958.73       -4.19256e-10
8197.29       8961.72       1.6978e-10
8197.29       8964.71       -3.06191e-10
8197.29       8967.69       2.61057e-12
8197.29       8970.68       2.7532e-10
8197.29       8973.66       -2.18102e-10
8197.29       8976.65       3.21183e-10
8197.29       8979.64       1.02435e-10
8197.29       8982.62       -2.07711e-10
8197.29       8985.61       2.33075e-10
8197.29       8988.6       -4.08956e-10
8197.29       8991.58       -4.22628e-10
8197.29       8994.57       -3.24377e-10
8197.29       8997.55       -1.05399e-09
8197.29       9000.54       -7.33828e-10
8197.29       9003.53       -9.55679e-10
8197.29       9006.51       -1.3119e-09
8197.29       9009.5       -7.26446e-10
8197.29       9012.48       -1.06445e-09
8197.29       9015.47       -8.23966e-10
8197.29       9018.46       -2.79798e-10
8197.29       9021.44       -6.25501e-10
8197.29       9024.43       -1.97489e-11
8197.29       9027.41       1.07513e-10
8197.29       9030.4       -1.34954e-10
8197.29       9033.39       5.16024e-10
8197.29       9036.37       2.14444e-10
8197.29       9039.36       2.77901e-10
8197.29       9042.34       7.34169e-10
8197.29       9045.33       2.43093e-10
8197.29       9048.32       6.37425e-10
8197.29       9051.3       7.14681e-10
8197.29       9054.29       3.16472e-10
8197.29       9057.27       8.58717e-10
8197.29       9060.26       5.39017e-10
8197.29       9063.25       4.45202e-10
8197.29       9066.23       8.66694e-10
8197.29       9069.22       3.23743e-10
8197.29       9072.2       5.79627e-10
8197.29       9075.19       6.65995e-10
8197.29       9078.18       1.71219e-10
8197.29       9081.16       6.34642e-10
8197.29       9084.15       3.3974e-10
8197.29       9087.13       1.34589e-10
8197.29       9090.12       5.5667e-10
8197.29       9093.11       1.95672e-11
8197.29       9096.09       1.87825e-10
8197.29       9099.08       3.36877e-10
8197.29       9102.06       -1.86996e-10
8197.29       9105.05       2.41543e-10
8197.29       9108.04       2.18312e-11
8197.29       9111.02       -2.48875e-10
8197.29       9114.01       1.93512e-10
8197.29       9116.99       -3.06284e-10
8197.29       9119.98       -2.18736e-10
8197.29       9122.97       -1.55425e-11
8197.29       9125.95       -5.66485e-10
8197.29       9128.94       -1.95171e-10
8197.29       9131.93       -3.52162e-10
8197.29       9134.91       -6.96482e-10
8197.29       9137.9       -2.5125e-10
8197.29       9140.88       -6.98485e-10
8197.29       9143.87       -6.64401e-10
8197.29       9146.86       -3.63839e-10
8197.29       9149.84       -8.54814e-10
8197.29       9152.83       -4.47963e-10
8197.29       9155.81       -4.24655e-10
8197.29       9158.8       -6.9595e-10
8197.29       9161.79       -1.23612e-10
8197.29       9164.77       -3.96735e-10
8197.29       9167.76       -3.32142e-10
8197.29       9170.74       1.00528e-10
8197.29       9173.73       -3.23911e-10
8197.29       9176.72       5.89926e-11
8197.29       9179.7       1.61436e-10
8197.29       9182.69       -1.69889e-10
8197.29       9185.67       3.5904e-10
8197.29       9188.66       1.07157e-10
8197.29       9191.65       5.82452e-11
8197.29       9194.63       4.83054e-10
8197.29       9197.62       2.63643e-11
8197.29       9200.6       2.97112e-10
8197.29       9203.59       4.19309e-10
8197.29       9206.58       5.91087e-12
8197.29       9209.56       4.69211e-10
8197.29       9212.55       2.40816e-10
8197.29       9215.53       8.96679e-11
8197.29       9218.52       5.16442e-10
8197.29       9221.51       6.57323e-11
8197.29       9224.49       2.58598e-10
8197.29       9227.48       4.41208e-10
8197.29       9230.46       6.69704e-12
8197.29       9233.45       4.49167e-10
8197.29       9236.44       3.04128e-10
8197.29       9239.42       1.10434e-10
8197.29       9242.41       5.77959e-10
8197.29       9245.39       1.81658e-10
8197.29       9248.38       3.1839e-10
8197.29       9251.37       5.67471e-10
8197.29       9254.35       1.13002e-10
8197.29       9257.34       4.9379e-10
8197.29       9260.33       3.74127e-10
8197.29       9263.31       5.78516e-11
8197.29       9266.3       4.44688e-10
8197.29       9269.28       -2.32771e-11
8197.29       9272.27       -8.7706e-11
8197.29       9275.26       6.44328e-11
8197.29       9278.24       -5.47782e-10
8197.29       9281.23       -3.55157e-10
8197.29       9284.21       -5.19575e-10
8197.29       9287.2       -9.51302e-10
8197.29       9290.19       -5.68692e-10
8197.29       9293.17       -9.15682e-10
8197.29       9296.16       -9.00581e-10
8197.29       9299.14       -4.91051e-10
8197.29       9302.13       -8.42257e-10
8197.29       9305.12       -4.31815e-10
8197.29       9308.1       -2.64974e-10
8197.29       9311.09       -5.09076e-10
8197.29       9314.07       3.87483e-11
8197.29       9317.06       -1.41051e-10
8197.29       9320.05       -1.43919e-10
8197.29       9323.03       2.96798e-10
8197.29       9326.02       -8.2837e-11
8197.29       9329       2.08944e-10
8197.29       9331.99       3.68816e-10
8197.29       9334.98       2.39399e-11
8197.29       9337.96       4.91378e-10
8197.29       9340.95       3.1624e-10
8197.29       9343.93       1.99393e-10
8197.29       9346.92       6.18015e-10
8197.29       9349.91       2.10301e-10
8197.29       9352.89       3.86028e-10
8197.29       9355.88       5.4846e-10
8197.29       9358.86       1.19475e-10
8197.29       9361.85       4.95016e-10
8197.29       9364.84       3.17068e-10
8197.29       9367.82       7.70046e-11
8197.29       9370.81       4.51638e-10
8197.29       9373.79       1.69141e-11
8197.29       9376.78       7.42861e-11
8197.29       9379.77       2.44958e-10
8197.29       9382.75       -2.38539e-10
8197.29       9385.74       7.0755e-11
8197.29       9388.73       -6.247e-11
8197.29       9391.71       -3.63286e-10
8197.29       9394.7       2.49898e-11
8197.29       9397.68       -3.53352e-10
8197.29       9400.67       -3.30121e-10
8197.29       9403.66       -6.76019e-11
8197.29       9406.64       -5.02159e-10
8197.29       9409.63       -1.71825e-10
8197.29       9412.61       -1.6568e-10
8197.29       9415.6       -4.34274e-10
8197.29       9418.59       3.16367e-11
8197.29       9421.57       -2.23367e-10
8197.29       9424.56       -1.91001e-10
8197.29       9427.54       1.78955e-10
8197.29       9430.53       -1.985e-10
8197.29       9433.52       1.20096e-10
8197.29       9436.5       2.04964e-10
8197.29       9439.49       -1.067e-10
8197.29       9442.47       3.26646e-10
8197.29       9445.46       7.66199e-11
8197.29       9448.45       -2.18344e-11
8197.29       9451.43       2.96645e-10
8197.29       9454.42       -1.65833e-10
8197.29       9457.4       -5.64927e-12
8197.29       9460.39       4.04819e-11
8197.29       9463.38       -3.87271e-10
8197.29       9466.36       -3.04377e-11
8197.29       9469.35       -2.50698e-10
8197.29       9472.33       -3.93845e-10
8197.29       9475.32       9.31996e-12
8197.29       9478.31       -3.31715e-10
8197.29       9481.29       -9.64675e-11
8197.29       9484.28       1.5756e-10
8197.29       9487.26       -1.42509e-10
8197.29       9490.25       3.16072e-10
8197.29       9493.24       2.47217e-10
8197.29       9496.22       9.22072e-11
8197.29       9499.21       5.05908e-10
8197.29       9502.19       1.4216e-10
8197.29       9505.18       2.3027e-10
8197.29       9508.17       4.32745e-10
8197.29       9511.15       1.16016e-11
8197.29       9514.14       3.38647e-10
8197.29       9517.13       2.50359e-10
8197.29       9520.11       -1.04111e-11
8197.29       9523.1       3.8072e-10
8197.29       9526.08       3.83365e-11
8197.29       9529.07       5.70182e-11
8197.29       9532.06       3.00127e-10
8197.29       9535.04       -1.3341e-10
8197.29       9538.03       1.43158e-10
8197.29       9541.01       1.08537e-10
8197.29       9544       -2.02891e-10
8197.29       9546.99       1.82295e-10
8197.29       9549.97       -1.17097e-10
8197.29       9552.96       -1.56523e-10
8197.29       9555.94       1.34221e-10
8197.29       9558.93       -2.84776e-10
8197.29       9561.92       -4.18247e-11
8197.29       9564.9       -1.10352e-12
8197.29       9567.89       -3.3674e-10
8197.29       9570.87       5.59138e-11
8197.29       9573.86       -1.76996e-10
8197.29       9576.85       -2.60339e-10
8197.29       9579.83       7.64914e-11
8197.29       9582.82       -3.19968e-10
8197.29       9585.8       -1.22574e-10
8197.29       9588.79       -2.01048e-11
8197.29       9591.78       -3.81889e-10
8197.29       9594.76       -8.20291e-12
8197.29       9597.75       -1.92674e-10
8197.29       9600.73       -3.36709e-10
8197.29       9603.72       2.45813e-11
8197.29       9606.71       -3.45951e-10
8197.29       9609.69       -1.92528e-10
8197.29       9612.68       -1.66888e-11
8197.29       9615.66       -3.72835e-10
8197.29       9618.65       1.129e-11
8197.29       9621.64       -7.47836e-11
8197.29       9624.62       -2.25276e-10
8197.29       9627.61       2.0086e-10
8197.29       9630.59       -9.63001e-11
8197.29       9633.58       3.50996e-11
8197.29       9636.57       2.85243e-10
8197.29       9639.55       -7.63199e-11
8197.29       9642.54       2.66676e-10
8197.29       9645.53       2.19435e-10
8197.29       9648.51       -8.48636e-12
8197.29       9651.5       3.88763e-10
8197.29       9654.48       8.5499e-11
8197.29       9657.47       1.14863e-10
8197.29       9660.46       3.68342e-10
8197.29       9663.44       -3.37597e-11
8197.29       9666.43       2.41558e-10
8197.29       9669.41       2.21719e-10
8197.29       9672.4       -7.87192e-11
8197.29       9675.39       2.91919e-10
8197.29       9678.37       9.3226e-12
8197.29       9681.36       -3.55296e-11
8197.29       9684.34       2.47375e-10
8200.28       8194.31       1.65611e-06
8200.28       8197.29       2.25668e-06
8200.28       8200.28       2.61529e-06
8200.28       8203.27       2.26108e-06
8200.28       8206.25       1.66223e-06
8200.28       8209.24       1.24781e-06
8200.28       8212.22       8.78279e-07
8200.28       8215.21       5.66762e-07
8200.28       8218.2       3.48664e-07
8200.28       8221.18       1.43516e-07
8200.28       8224.17       -5.74303e-09
8200.28       8227.15       -1.16957e-07
8200.28       8230.14       -2.21674e-07
8200.28       8233.13       -2.83737e-07
8200.28       8236.11       -3.37737e-07
8200.28       8239.1       -3.81628e-07
8200.28       8242.08       -3.99025e-07
8200.28       8245.07       -4.21241e-07
8200.28       8248.06       -4.28863e-07
8200.28       8251.04       -4.25762e-07
8200.28       8254.03       -4.28904e-07
8200.28       8257.01       -4.16705e-07
8200.28       8260       -4.05867e-07
8200.28       8262.99       -3.96623e-07
8200.28       8265.97       -3.7595e-07
8200.28       8268.96       -3.62908e-07
8200.28       8271.94       -3.45697e-07
8200.28       8274.93       -3.23919e-07
8200.28       8277.92       -3.10091e-07
8200.28       8280.9       -2.88762e-07
8200.28       8283.89       -2.69752e-07
8200.28       8286.87       -2.54851e-07
8200.28       8289.86       -2.32962e-07
8200.28       8292.85       -2.17668e-07
8200.28       8295.83       -2.01336e-07
8200.28       8298.82       -1.81644e-07
8200.28       8301.8       -1.68963e-07
8200.28       8304.79       -1.51468e-07
8200.28       8307.78       -1.35232e-07
8200.28       8310.76       -1.23065e-07
8200.28       8313.75       -1.05186e-07
8200.28       8316.73       -9.19046e-08
8200.28       8319.72       -7.82988e-08
8200.28       8322.71       -6.10559e-08
8200.28       8325.69       -4.93567e-08
8200.28       8328.68       -3.42135e-08
8200.28       8331.67       -1.98395e-08
8200.28       8334.65       -1.04572e-08
8200.28       8337.64       1.85382e-09
8200.28       8340.62       8.3534e-09
8200.28       8343.61       1.16908e-08
8200.28       8346.6       1.59062e-08
8200.28       8349.58       1.33829e-08
8200.28       8352.57       1.21034e-08
8200.28       8355.55       1.06439e-08
8200.28       8358.54       5.48546e-09
8200.28       8361.53       4.71894e-09
8200.28       8364.51       2.09212e-09
8200.28       8367.5       -8.34115e-10
8200.28       8370.48       2.27084e-10
8200.28       8373.47       -2.04355e-09
8200.28       8376.46       -1.95206e-09
8200.28       8379.44       -4.55039e-10
8200.28       8382.43       -2.05329e-09
8200.28       8385.41       5.65673e-11
8200.28       8388.4       6.95939e-10
8200.28       8391.39       1.52247e-10
8200.28       8394.37       2.90244e-09
8200.28       8397.36       2.41509e-09
8200.28       8400.34       3.18431e-09
8200.28       8403.33       5.33509e-09
8200.28       8406.32       4.27669e-09
8200.28       8409.3       6.14189e-09
8200.28       8412.29       6.97157e-09
8200.28       8415.27       6.20006e-09
8200.28       8418.26       8.44576e-09
8200.28       8421.25       7.92016e-09
8200.28       8424.23       8.05412e-09
8200.28       8427.22       9.78638e-09
8200.28       8430.2       8.48068e-09
8200.28       8433.19       9.58189e-09
8200.28       8436.18       1.01455e-08
8200.28       8439.16       8.89642e-09
8200.28       8442.15       1.0464e-08
8200.28       8445.13       9.74153e-09
8200.28       8448.12       9.22021e-09
8200.28       8451.11       1.04808e-08
8200.28       8454.09       8.92989e-09
8200.28       8457.08       9.35147e-09
8200.28       8460.06       9.69368e-09
8200.28       8463.05       8.11873e-09
8200.28       8466.04       9.19573e-09
8200.28       8469.02       8.48385e-09
8200.28       8472.01       7.65252e-09
8200.28       8475       8.80411e-09
8200.28       8477.98       7.45654e-09
8200.28       8480.97       7.75694e-09
8200.28       8483.95       8.44463e-09
8200.28       8486.94       7.22899e-09
8200.28       8489.93       8.53639e-09
8200.28       8492.91       8.55338e-09
8200.28       8495.9       8.19228e-09
8200.28       8498.88       9.93155e-09
8200.28       8501.87       9.42756e-09
8200.28       8504.86       1.01532e-08
8200.28       8507.84       1.14859e-08
8200.28       8510.83       1.07159e-08
8200.28       8513.81       1.19893e-08
8200.28       8516.8       1.20337e-08
8200.28       8519.79       1.1039e-08
8200.28       8522.77       1.1742e-08
8200.28       8525.76       1.00263e-08
8200.28       8528.74       8.81617e-09
8200.28       8531.73       8.2317e-09
8200.28       8534.72       5.49539e-09
8200.28       8537.7       4.72797e-09
8200.28       8540.69       3.47801e-09
8200.28       8543.67       1.52997e-09
8200.28       8546.66       1.92215e-09
8200.28       8549.65       8.06082e-10
8200.28       8552.63       4.25499e-10
8200.28       8555.62       1.28731e-09
8200.28       8558.6       2.51122e-10
8200.28       8561.59       9.43259e-10
8200.28       8564.58       1.31415e-09
8200.28       8567.56       5.23032e-10
8200.28       8570.55       1.69683e-09
8200.28       8573.53       1.32337e-09
8200.28       8576.52       1.14412e-09
8200.28       8579.51       2.21161e-09
8200.28       8582.49       1.34888e-09
8200.28       8585.48       1.89235e-09
8200.28       8588.46       2.3688e-09
8200.28       8591.45       1.51259e-09
8200.28       8594.44       2.51793e-09
8200.28       8597.42       2.2238e-09
8200.28       8600.41       1.83468e-09
8200.28       8603.4       2.80819e-09
8200.28       8606.38       1.94487e-09
8200.28       8609.37       2.22215e-09
8200.28       8612.35       2.69505e-09
8200.28       8615.34       1.73174e-09
8200.28       8618.33       2.52367e-09
8200.28       8621.31       2.28514e-09
8200.28       8624.3       1.71432e-09
8200.28       8627.28       2.6066e-09
8200.28       8630.27       1.79916e-09
8200.28       8633.26       1.8876e-09
8200.28       8636.24       2.41735e-09
8200.28       8639.23       1.44951e-09
8200.28       8642.21       2.10598e-09
8200.28       8645.2       1.98686e-09
8200.28       8648.19       1.30848e-09
8200.28       8651.17       2.1325e-09
8200.28       8654.16       1.38314e-09
8200.28       8657.14       1.25147e-09
8200.28       8660.13       1.73763e-09
8200.28       8663.12       6.58772e-10
8200.28       8666.1       1.01777e-09
8200.28       8669.09       8.23076e-10
8200.28       8672.07       -1.38597e-10
8200.28       8675.06       4.19438e-10
8200.28       8678.05       -4.11647e-10
8200.28       8681.03       -8.1554e-10
8200.28       8684.02       -3.38368e-10
8200.28       8687       -1.32634e-09
8200.28       8689.99       -9.50265e-10
8200.28       8692.98       -8.03121e-10
8200.28       8695.96       -1.51339e-09
8200.28       8698.95       -6.64412e-10
8200.28       8701.93       -9.99488e-10
8200.28       8704.92       -1.14561e-09
8200.28       8707.91       -3.04594e-10
8200.28       8710.89       -9.58933e-10
8200.28       8713.88       -4.87499e-10
8200.28       8716.86       -6.88013e-11
8200.28       8719.85       -6.84823e-10
8200.28       8722.84       1.77039e-10
8200.28       8725.82       7.46423e-12
8200.28       8728.81       -2.23657e-10
8200.28       8731.8       6.23509e-10
8200.28       8734.78       7.66541e-12
8200.28       8737.77       3.08624e-10
8200.28       8740.75       7.55005e-10
8200.28       8743.74       5.68206e-11
8200.28       8746.73       7.6143e-10
8200.28       8749.71       6.27486e-10
8200.28       8752.7       2.32169e-10
8200.28       8755.68       1.00903e-09
8200.28       8758.67       4.12803e-10
8200.28       8761.66       5.48962e-10
8200.28       8764.64       1.03929e-09
8200.28       8767.63       3.27553e-10
8200.28       8770.61       9.48184e-10
8200.28       8773.6       9.47558e-10
8200.28       8776.59       5.18159e-10
8200.28       8779.57       1.33325e-09
8200.28       8782.56       8.85744e-10
8200.28       8785.54       9.74782e-10
8200.28       8788.53       1.58532e-09
8200.28       8791.52       9.31257e-10
8200.28       8794.5       1.46633e-09
8200.28       8797.49       1.52901e-09
8200.28       8800.47       9.33016e-10
8200.28       8803.46       1.52934e-09
8200.28       8806.45       8.8724e-10
8200.28       8809.43       4.84724e-10
8200.28       8812.42       6.67797e-10
8200.28       8815.4       -4.91011e-10
8200.28       8818.39       -5.97267e-10
8200.28       8821.38       -9.22625e-10
8200.28       8824.36       -1.92247e-09
8200.28       8827.35       -1.54484e-09
8200.28       8830.33       -2.05673e-09
8200.28       8833.32       -2.30464e-09
8200.28       8836.31       -1.64385e-09
8200.28       8839.29       -2.1687e-09
8200.28       8842.28       -1.70242e-09
8200.28       8845.26       -1.25732e-09
8200.28       8848.25       -1.66256e-09
8200.28       8851.24       -8.17053e-10
8200.28       8854.22       -8.39369e-10
8200.28       8857.21       -9.07703e-10
8200.28       8860.2       -6.8523e-11
8200.28       8863.18       -4.64868e-10
8200.28       8866.17       -8.37322e-11
8200.28       8869.15       4.14437e-10
8200.28       8872.14       -5.99483e-11
8200.28       8875.13       6.52303e-10
8200.28       8878.11       6.40785e-10
8200.28       8881.1       3.99922e-10
8200.28       8884.08       1.14128e-09
8200.28       8887.07       6.94038e-10
8200.28       8890.06       8.53283e-10
8200.28       8893.04       1.28786e-09
8200.28       8896.03       6.71008e-10
8200.28       8899.01       1.16712e-09
8200.28       8902       1.09985e-09
8200.28       8904.99       6.39985e-10
8200.28       8907.97       1.21903e-09
8200.28       8910.96       6.89828e-10
8200.28       8913.94       6.05978e-10
8200.28       8916.93       9.58587e-10
8200.28       8919.92       2.23792e-10
8200.28       8922.9       5.28163e-10
8200.28       8925.89       4.53403e-10
8200.28       8928.87       -1.3993e-10
8200.28       8931.86       3.63024e-10
8200.28       8934.85       -1.21643e-10
8200.28       8937.83       -3.02702e-10
8200.28       8940.82       1.15929e-10
8200.28       8943.8       -5.50341e-10
8200.28       8946.79       -2.53732e-10
8200.28       8949.78       -1.43201e-10
8200.28       8952.76       -6.58203e-10
8200.28       8955.75       -4.98748e-11
8200.28       8958.73       -3.06247e-10
8200.28       8961.72       -4.20954e-10
8200.28       8964.71       1.7873e-10
8200.28       8967.69       -3.15936e-10
8200.28       8970.68       9.20965e-12
8200.28       8973.66       2.78891e-10
8200.28       8976.65       -2.25674e-10
8200.28       8979.64       3.33434e-10
8200.28       8982.62       9.98322e-11
8200.28       8985.61       -2.07745e-10
8200.28       8988.6       2.45714e-10
8200.28       8991.58       -4.1562e-10
8200.28       8994.57       -4.15155e-10
8200.28       8997.55       -3.18072e-10
8200.28       9000.54       -1.06229e-09
8200.28       9003.53       -7.24223e-10
8200.28       9006.51       -9.61321e-10
8200.28       9009.5       -1.3204e-09
8200.28       9012.48       -7.20277e-10
8200.28       9015.47       -1.07848e-09
8200.28       9018.46       -8.266e-10
8200.28       9021.44       -2.80426e-10
8200.28       9024.43       -6.41123e-10
8200.28       9027.41       -1.57557e-11
8200.28       9030.4       1.00669e-10
8200.28       9033.39       -1.44656e-10
8200.28       9036.37       5.22804e-10
8200.28       9039.36       2.03176e-10
8200.28       9042.34       2.76456e-10
8200.28       9045.33       7.37501e-10
8200.28       9048.32       2.30213e-10
8200.28       9051.3       6.42373e-10
8200.28       9054.29       7.11562e-10
8200.28       9057.27       3.07772e-10
8200.28       9060.26       8.67728e-10
8200.28       9063.25       5.317e-10
8200.28       9066.23       4.46021e-10
8200.28       9069.22       8.76894e-10
8200.28       9072.2       3.16178e-10
8200.28       9075.19       5.87375e-10
8200.28       9078.18       6.68778e-10
8200.28       9081.16       1.65512e-10
8200.28       9084.15       6.46857e-10
8200.28       9087.13       3.36229e-10
8200.28       9090.12       1.35612e-10
8200.28       9093.11       5.67105e-10
8200.28       9096.09       1.323e-11
8200.28       9099.08       1.96356e-10
8200.28       9102.06       3.42093e-10
8200.28       9105.05       -1.92348e-10
8200.28       9108.04       2.54168e-10
8200.28       9111.02       2.01206e-11
8200.28       9114.01       -2.49192e-10
8200.28       9116.99       2.04394e-10
8200.28       9119.98       -3.13893e-10
8200.28       9122.97       -2.13595e-10
8200.28       9125.95       -1.1174e-11
8200.28       9128.94       -5.742e-10
8200.28       9131.93       -1.83523e-10
8200.28       9134.91       -3.57561e-10
8200.28       9137.9       -7.02857e-10
8200.28       9140.88       -2.44251e-10
8200.28       9143.87       -7.09187e-10
8200.28       9146.86       -6.64072e-10
8200.28       9149.84       -3.6134e-10
8200.28       9152.83       -8.66422e-10
8200.28       9155.81       -4.41961e-10
8200.28       9158.8       -4.28452e-10
8200.28       9161.79       -7.02933e-10
8200.28       9164.77       -1.15642e-10
8200.28       9167.76       -4.0544e-10
8200.28       9170.74       -3.31734e-10
8200.28       9173.73       1.05915e-10
8200.28       9176.72       -3.33422e-10
8200.28       9179.7       6.6167e-11
8200.28       9182.69       1.61219e-10
8200.28       9185.67       -1.75764e-10
8200.28       9188.66       3.69114e-10
8200.28       9191.65       1.01786e-10
8200.28       9194.63       5.81892e-11
8200.28       9197.62       4.89867e-10
8200.28       9200.6       1.71328e-11
8200.28       9203.59       3.02978e-10
8200.28       9206.58       4.19821e-10
8200.28       9209.56       -1.34224e-12
8200.28       9212.55       4.76925e-10
8200.28       9215.53       2.3395e-10
8200.28       9218.52       8.6319e-11
8200.28       9221.51       5.218e-10
8200.28       9224.49       5.51693e-11
8200.28       9227.48       2.61821e-10
8200.28       9230.46       4.42669e-10
8200.28       9233.45       -6.32399e-13
8200.28       9236.44       4.59122e-10
8200.28       9239.42       3.02335e-10
8200.28       9242.41       1.11115e-10
8200.28       9245.39       5.90095e-10
8200.28       9248.38       1.76001e-10
8200.28       9251.37       3.28822e-10
8200.28       9254.35       5.78322e-10
8200.28       9257.34       1.11691e-10
8200.28       9260.33       5.07752e-10
8200.28       9263.31       3.75957e-10
8200.28       9266.3       5.80336e-11
8200.28       9269.28       4.54978e-10
8200.28       9272.27       -3.0054e-11
8200.28       9275.26       -8.54951e-11
8200.28       9278.24       6.80378e-11
8200.28       9281.23       -5.57657e-10
8200.28       9284.21       -3.49965e-10
8200.28       9287.2       -5.23927e-10
8200.28       9290.19       -9.59999e-10
8200.28       9293.17       -5.64832e-10
8200.28       9296.16       -9.27151e-10
8200.28       9299.14       -9.05215e-10
8200.28       9302.13       -4.92412e-10
8200.28       9305.12       -8.60177e-10
8200.28       9308.1       -4.30078e-10
8200.28       9311.09       -2.69213e-10
8200.28       9314.07       -5.18057e-10
8200.28       9317.06       4.49285e-11
8200.28       9320.05       -1.48246e-10
8200.28       9323.03       -1.45035e-10
8200.28       9326.02       3.02478e-10
8200.28       9329       -9.16993e-11
8200.28       9331.99       2.13312e-10
8200.28       9334.98       3.68387e-10
8200.28       9337.96       1.59972e-11
8200.28       9340.95       4.98139e-10
8200.28       9343.93       3.10484e-10
8200.28       9346.92       1.97517e-10
8200.28       9349.91       6.24935e-10
8200.28       9352.89       2.02956e-10
8200.28       9355.88       3.91423e-10
8200.28       9358.86       5.52898e-10
8200.28       9361.85       1.14653e-10
8200.28       9364.84       5.05209e-10
8200.28       9367.82       3.16601e-10
8200.28       9370.81       7.81418e-11
8200.28       9373.79       4.62949e-10
8200.28       9376.78       1.2869e-11
8200.28       9379.77       8.16152e-11
8200.28       9382.75       2.51955e-10
8200.28       9385.74       -2.42461e-10
8200.28       9388.73       8.06373e-11
8200.28       9391.71       -6.28931e-11
8200.28       9394.7       -3.65587e-10
8200.28       9397.68       3.29035e-11
8200.28       9400.67       -3.60561e-10
8200.28       9403.66       -3.28901e-10
8200.28       9406.64       -6.4948e-11
8200.28       9409.63       -5.11282e-10
8200.28       9412.61       -1.64743e-10
8200.28       9415.6       -1.68575e-10
8200.28       9418.59       -4.43967e-10
8200.28       9421.57       3.43846e-11
8200.28       9424.56       -2.33407e-10
8200.28       9427.54       -1.93664e-10
8200.28       9430.53       1.80777e-10
8200.28       9433.52       -2.07503e-10
8200.28       9436.5       1.24459e-10
8200.28       9439.49       2.04418e-10
8200.28       9442.47       -1.11467e-10
8200.28       9445.46       3.35201e-10
8200.28       9448.45       7.35163e-11
8200.28       9451.43       -1.95525e-11
8200.28       9454.42       3.05406e-10
8200.28       9457.4       -1.69261e-10
8200.28       9460.39       3.06545e-12
8200.28       9463.38       4.55703e-11
8200.28       9466.36       -3.8742e-10
8200.28       9469.35       -2.07812e-11
8200.28       9472.33       -2.53666e-10
8200.28       9475.32       -3.96214e-10
8200.28       9478.31       1.28409e-11
8200.28       9481.29       -3.41386e-10
8200.28       9484.28       -9.70145e-11
8200.28       9487.26       1.55273e-10
8200.28       9490.25       -1.5256e-10
8200.28       9493.24       3.19427e-10
8200.28       9496.22       2.41601e-10
8200.28       9499.21       8.80899e-11
8200.28       9502.19       5.1116e-10
8200.28       9505.18       1.35209e-10
8200.28       9508.17       2.32308e-10
8200.28       9511.15       4.34838e-10
8200.28       9514.14       4.12068e-12
8200.28       9517.13       3.4159e-10
8200.28       9520.11       2.46693e-10
8200.28       9523.1       -1.28324e-11
8200.28       9526.08       3.88162e-10
8200.28       9529.07       3.42714e-11
8200.28       9532.06       6.06758e-11
8200.28       9535.04       3.06662e-10
8200.28       9538.03       -1.37046e-10
8200.28       9541.01       1.51324e-10
8200.28       9544       1.10527e-10
8200.28       9546.99       -2.04563e-10
8200.28       9549.97       1.91308e-10
8200.28       9552.96       -1.20193e-10
8200.28       9555.94       -1.5441e-10
8200.28       9558.93       1.39591e-10
8200.28       9561.92       -2.90385e-10
8200.28       9564.9       -3.6841e-11
8200.28       9567.89       -3.65526e-12
8200.28       9570.87       -3.41004e-10
8200.28       9573.86       6.5034e-11
8200.28       9576.85       -1.78635e-10
8200.28       9579.83       -2.58755e-10
8200.28       9582.82       8.24233e-11
8200.28       9585.8       -3.258e-10
8200.28       9588.79       -1.18662e-10
8200.28       9591.78       -1.9743e-11
8200.28       9594.76       -3.88023e-10
8200.28       9597.75       -3.83293e-12
8200.28       9600.73       -1.97627e-10
8200.28       9603.72       -3.39769e-10
8200.28       9606.71       2.84194e-11
8200.28       9609.69       -3.52848e-10
8200.28       9612.68       -1.90836e-10
8200.28       9615.66       -1.60665e-11
8200.28       9618.65       -3.78944e-10
8200.28       9621.64       1.495e-11
8200.28       9624.62       -7.87859e-11
8200.28       9627.61       -2.28708e-10
8200.28       9630.59       2.05157e-10
8200.28       9633.58       -1.02598e-10
8200.28       9636.57       3.70255e-11
8200.28       9639.55       2.87411e-10
8200.28       9642.54       -8.1003e-11
8200.28       9645.53       2.73107e-10
8200.28       9648.51       2.19484e-10
8200.28       9651.5       -9.76103e-12
8200.28       9654.48       3.95553e-10
8200.28       9657.47       8.21703e-11
8200.28       9660.46       1.17167e-10
8200.28       9663.44       3.72554e-10
8200.28       9666.43       -3.44708e-11
8200.28       9669.41       2.44172e-10
8200.28       9672.4       2.17605e-10
8200.28       9675.39       -8.5491e-11
8200.28       9678.37       2.93174e-10
8200.28       9681.36       1.81716e-12
8200.28       9684.34       -3.89641e-11
8203.27       8194.31       1.24347e-06
8203.27       8197.29       1.65918e-06
8203.27       8200.28       2.26108e-06
8203.27       8203.27       2.62049e-06
8203.27       8206.25       2.26551e-06
8203.27       8209.24       1.6653e-06
8203.27       8212.22       1.24998e-06
8203.27       8215.21       8.79669e-07
8203.27       8218.2       5.6748e-07
8203.27       8221.18       3.48967e-07
8203.27       8224.17       1.43416e-07
8203.27       8227.15       -6.13279e-09
8203.27       8230.14       -1.17512e-07
8203.27       8233.13       -2.22422e-07
8203.27       8236.11       -2.84568e-07
8203.27       8239.1       -3.38619e-07
8203.27       8242.08       -3.82583e-07
8203.27       8245.07       -3.99958e-07
8203.27       8248.06       -4.2218e-07
8203.27       8251.04       -4.298e-07
8203.27       8254.03       -4.26634e-07
8203.27       8257.01       -4.29768e-07
8203.27       8260       -4.1752e-07
8203.27       8262.99       -4.06615e-07
8203.27       8265.97       -3.97355e-07
8203.27       8268.96       -3.76607e-07
8203.27       8271.94       -3.63519e-07
8203.27       8274.93       -3.4628e-07
8203.27       8277.92       -3.24424e-07
8203.27       8280.9       -3.10572e-07
8203.27       8283.89       -2.892e-07
8203.27       8286.87       -2.70127e-07
8203.27       8289.86       -2.55216e-07
8203.27       8292.85       -2.3327e-07
8203.27       8295.83       -2.17938e-07
8203.27       8298.82       -2.01596e-07
8203.27       8301.8       -1.81843e-07
8203.27       8304.79       -1.69149e-07
8203.27       8307.78       -1.51631e-07
8203.27       8310.76       -1.35343e-07
8203.27       8313.75       -1.23177e-07
8203.27       8316.73       -1.0526e-07
8203.27       8319.72       -9.19449e-08
8203.27       8322.71       -7.83398e-08
8203.27       8325.69       -6.10468e-08
8203.27       8328.68       -4.9334e-08
8203.27       8331.67       -3.41775e-08
8203.27       8334.65       -1.97548e-08
8203.27       8337.64       -1.03759e-08
8203.27       8340.62       1.96117e-09
8203.27       8343.61       8.48585e-09
8203.27       8346.6       1.18041e-08
8203.27       8349.58       1.60436e-08
8203.27       8352.57       1.351e-08
8203.27       8355.55       1.22085e-08
8203.27       8358.54       1.07652e-08
8203.27       8361.53       5.57463e-09
8203.27       8364.51       4.80211e-09
8203.27       8367.5       2.18222e-09
8203.27       8370.48       -7.77727e-10
8203.27       8373.47       2.97108e-10
8203.27       8376.46       -1.97912e-09
8203.27       8379.44       -1.90894e-09
8203.27       8382.43       -3.89395e-10
8203.27       8385.41       -2.00909e-09
8203.27       8388.4       9.79055e-11
8203.27       8391.39       7.53533e-10
8203.27       8394.37       1.82053e-10
8203.27       8397.36       2.94708e-09
8203.27       8400.34       2.46007e-09
8203.27       8403.33       3.2076e-09
8203.27       8406.32       5.38204e-09
8203.27       8409.3       4.30624e-09
8203.27       8412.29       6.16549e-09
8203.27       8415.27       7.01441e-09
8203.27       8418.26       6.21663e-09
8203.27       8421.25       8.47474e-09
8203.27       8424.23       7.95373e-09
8203.27       8427.22       8.06519e-09
8203.27       8430.2       9.8202e-09
8203.27       8433.19       8.5021e-09
8203.27       8436.18       9.59454e-09
8203.27       8439.16       1.01797e-08
8203.27       8442.15       8.90641e-09
8203.27       8445.13       1.04826e-08
8203.27       8448.12       9.76838e-09
8203.27       8451.11       9.22159e-09
8203.27       8454.09       1.05049e-08
8203.27       8457.08       8.94468e-09
8203.27       8460.06       9.35309e-09
8203.27       8463.05       9.71685e-09
8203.27       8466.04       8.11861e-09
8203.27       8469.02       9.1998e-09
8203.27       8472.01       8.49894e-09
8203.27       8475       7.64215e-09
8203.27       8477.98       8.81261e-09
8203.27       8480.97       7.45966e-09
8203.27       8483.95       7.74514e-09
8203.27       8486.94       8.45597e-09
8203.27       8489.93       7.22104e-09
8203.27       8492.91       8.53084e-09
8203.27       8495.9       8.56384e-09
8203.27       8498.88       8.17935e-09
8203.27       8501.87       9.93736e-09
8203.27       8504.86       9.43423e-09
8203.27       8507.84       1.01448e-08
8203.27       8510.83       1.15037e-08
8203.27       8513.81       1.07197e-08
8203.27       8516.8       1.19943e-08
8203.27       8519.79       1.2059e-08
8203.27       8522.77       1.10421e-08
8203.27       8525.76       1.17599e-08
8203.27       8528.74       1.00476e-08
8203.27       8531.73       8.81839e-09
8203.27       8534.72       8.25483e-09
8203.27       8537.7       5.50182e-09
8203.27       8540.69       4.72589e-09
8203.27       8543.67       3.49217e-09
8203.27       8546.66       1.518e-09
8203.27       8549.65       1.9195e-09
8203.27       8552.63       8.08167e-10
8203.27       8555.62       4.05847e-10
8203.27       8558.6       1.28962e-09
8203.27       8561.59       2.42852e-10
8203.27       8564.58       9.26718e-10
8203.27       8567.56       1.31908e-09
8203.27       8570.55       5.06106e-10
8203.27       8573.53       1.68827e-09
8203.27       8576.52       1.32391e-09
8203.27       8579.51       1.12283e-09
8203.27       8582.49       2.21095e-09
8203.27       8585.48       1.34184e-09
8203.27       8588.46       1.87461e-09
8203.27       8591.45       2.37431e-09
8203.27       8594.44       1.49889e-09
8203.27       8597.42       2.5103e-09
8203.27       8600.41       2.22933e-09
8203.27       8603.4       1.81829e-09
8203.27       8606.38       2.81168e-09
8203.27       8609.37       1.94545e-09
8203.27       8612.35       2.2094e-09
8203.27       8615.34       2.70557e-09
8203.27       8618.33       1.725e-09
8203.27       8621.31       2.51913e-09
8203.27       8624.3       2.29621e-09
8203.27       8627.28       1.70314e-09
8203.27       8630.27       2.61215e-09
8203.27       8633.26       1.80558e-09
8203.27       8636.24       1.87815e-09
8203.27       8639.23       2.43085e-09
8203.27       8642.21       1.44794e-09
8203.27       8645.2       2.10281e-09
8203.27       8648.19       2.00095e-09
8203.27       8651.17       1.30006e-09
8203.27       8654.16       2.13785e-09
8203.27       8657.14       1.39173e-09
8203.27       8660.13       1.24202e-09
8203.27       8663.12       1.7503e-09
8203.27       8666.1       6.589e-10
8203.27       8669.09       1.01292e-09
8203.27       8672.07       8.37891e-10
8203.27       8675.06       -1.46445e-10
8203.27       8678.05       4.20525e-10
8203.27       8681.03       -4.04686e-10
8203.27       8684.02       -8.29003e-10
8203.27       8687       -3.31384e-10
8203.27       8689.99       -1.32926e-09
8203.27       8692.98       -9.61401e-10
8203.27       8695.96       -7.94107e-10
8203.27       8698.95       -1.52483e-09
8203.27       8701.93       -6.68389e-10
8203.27       8704.92       -9.93436e-10
8203.27       8707.91       -1.16037e-09
8203.27       8710.89       -2.9971e-10
8203.27       8713.88       -9.60245e-10
8203.27       8716.86       -4.99528e-10
8203.27       8719.85       -5.94824e-11
8203.27       8722.84       -6.93986e-10
8203.27       8725.82       1.72725e-10
8203.27       8728.81       1.54436e-11
8203.27       8731.8       -2.36885e-10
8203.27       8734.78       6.27582e-10
8203.27       8737.77       8.87768e-12
8203.27       8740.75       2.9647e-10
8203.27       8743.74       7.65876e-10
8203.27       8746.73       4.82698e-11
8203.27       8749.71       7.5316e-10
8203.27       8752.7       6.33712e-10
8203.27       8755.68       2.16834e-10
8203.27       8758.67       1.00948e-09
8203.27       8761.66       4.14003e-10
8203.27       8764.64       5.35522e-10
8203.27       8767.63       1.04843e-09
8203.27       8770.61       3.23655e-10
8203.27       8773.6       9.44234e-10
8203.27       8776.59       9.61446e-10
8203.27       8779.57       5.11941e-10
8203.27       8782.56       1.34078e-09
8203.27       8785.54       8.9708e-10
8203.27       8788.53       9.68938e-10
8203.27       8791.52       1.60038e-09
8203.27       8794.5       9.34571e-10
8203.27       8797.49       1.46466e-09
8203.27       8800.47       1.54537e-09
8203.27       8803.46       9.28931e-10
8203.27       8806.45       1.53541e-09
8203.27       8809.43       8.99535e-10
8203.27       8812.42       4.78838e-10
8203.27       8815.4       6.80441e-10
8203.27       8818.39       -4.88438e-10
8203.27       8821.38       -6.03612e-10
8203.27       8824.36       -9.11248e-10
8203.27       8827.35       -1.93193e-09
8203.27       8830.33       -1.54866e-09
8203.27       8833.32       -2.05281e-09
8203.27       8836.31       -2.32126e-09
8203.27       8839.29       -1.64216e-09
8203.27       8842.28       -2.1729e-09
8203.27       8845.26       -1.71646e-09
8203.27       8848.25       -1.25071e-09
8203.27       8851.24       -1.67309e-09
8203.27       8854.22       -8.23152e-10
8203.27       8857.21       -8.33953e-10
8203.27       8860.2       -9.22737e-10
8203.27       8863.18       -6.71464e-11
8203.27       8866.17       -4.66238e-10
8203.27       8869.15       -9.76638e-11
8203.27       8872.14       4.21182e-10
8203.27       8875.13       -6.84158e-11
8203.27       8878.11       6.44665e-10
8203.27       8881.1       6.48096e-10
8203.27       8884.08       3.88828e-10
8203.27       8887.07       1.14503e-09
8203.27       8890.06       6.98882e-10
8203.27       8893.04       8.44317e-10
8203.27       8896.03       1.29999e-09
8203.27       8899.01       6.70733e-10
8203.27       8902       1.16565e-09
8203.27       8904.99       1.11503e-09
8203.27       8907.97       6.3495e-10
8203.27       8910.96       1.22621e-09
8203.27       8913.94       7.00207e-10
8203.27       8916.93       5.99836e-10
8203.27       8919.92       9.71579e-10
8203.27       8922.9       2.25346e-10
8203.27       8925.89       5.24402e-10
8203.27       8928.87       4.65986e-10
8203.27       8931.86       -1.47328e-10
8203.27       8934.85       3.64288e-10
8203.27       8937.83       -1.15084e-10
8203.27       8940.82       -3.14521e-10
8203.27       8943.8       1.2035e-10
8203.27       8946.79       -5.52196e-10
8203.27       8949.78       -2.61051e-10
8203.27       8952.76       -1.32369e-10
8203.27       8955.75       -6.65226e-10
8203.27       8958.73       -5.00219e-11
8203.27       8961.72       -2.97965e-10
8203.27       8964.71       -4.31123e-10
8203.27       8967.69       1.86278e-10
8203.27       8970.68       -3.13709e-10
8203.27       8973.66       2.02448e-12
8203.27       8976.65       2.91076e-10
8203.27       8979.64       -2.29272e-10
8203.27       8982.62       3.34372e-10
8203.27       8985.61       1.12461e-10
8203.27       8988.6       -2.13971e-10
8203.27       8991.58       2.5504e-10
8203.27       8994.57       -4.09015e-10
8203.27       8997.55       -4.21332e-10
8203.27       9000.54       -3.06377e-10
8203.27       9003.53       -1.06663e-09
8203.27       9006.51       -7.29699e-10
8203.27       9009.5       -9.55918e-10
8203.27       9012.48       -1.33371e-09
8203.27       9015.47       -7.21282e-10
8203.27       9018.46       -1.07978e-09
8203.27       9021.44       -8.4194e-10
8203.27       9024.43       -2.76575e-10
8203.27       9027.41       -6.4876e-10
8203.27       9030.4       -2.51401e-11
8203.27       9033.39       1.06544e-10
8203.27       9036.37       -1.57083e-10
8203.27       9039.36       5.2161e-10
8203.27       9042.34       2.05033e-10
8203.27       9045.33       2.62642e-10
8203.27       9048.32       7.42292e-10
8203.27       9051.3       2.25185e-10
8203.27       9054.29       6.3351e-10
8203.27       9057.27       7.19632e-10
8203.27       9060.26       2.98906e-10
8203.27       9063.25       8.68573e-10
8203.27       9066.23       5.39195e-10
8203.27       9069.22       4.38656e-10
8203.27       9072.2       8.86321e-10
8203.27       9075.19       3.16807e-10
8203.27       9078.18       5.81956e-10
8203.27       9081.16       6.80384e-10
8203.27       9084.15       1.60743e-10
8203.27       9087.13       6.48373e-10
8203.27       9090.12       3.45986e-10
8203.27       9093.11       1.27823e-10
8203.27       9096.09       5.76436e-10
8203.27       9099.08       1.76543e-11
8203.27       9102.06       1.91353e-10
8203.27       9105.05       3.54742e-10
8203.27       9108.04       -1.94911e-10
8203.27       9111.02       2.54766e-10
8203.27       9114.01       3.0555e-11
8203.27       9116.99       -2.56891e-10
8203.27       9119.98       2.10531e-10
8203.27       9122.97       -3.10115e-10
8203.27       9125.95       -2.2114e-10
8203.27       9128.94       -3.09826e-13
8203.27       9131.93       -5.74923e-10
8203.27       9134.91       -1.88241e-10
8203.27       9137.9       -3.50169e-10
8203.27       9140.88       -7.13005e-10
8203.27       9143.87       -2.42115e-10
8203.27       9146.86       -7.0658e-10
8203.27       9149.84       -6.74384e-10
8203.27       9152.83       -3.54309e-10
8203.27       9155.81       -8.70398e-10
8203.27       9158.8       -4.47625e-10
8203.27       9161.79       -4.20297e-10
8203.27       9164.77       -7.11785e-10
8203.27       9167.76       -1.1417e-10
8203.27       9170.74       -4.00748e-10
8203.27       9173.73       -3.41107e-10
8203.27       9176.72       1.13508e-10
8203.27       9179.7       -3.34741e-10
8203.27       9182.69       6.07319e-11
8203.27       9185.67       1.70662e-10
8203.27       9188.66       -1.8237e-10
8203.27       9191.65       3.70755e-10
8203.27       9194.63       1.07488e-10
8203.27       9197.62       4.8529e-11
8203.27       9200.6       4.95896e-10
8203.27       9203.59       1.6316e-11
8203.27       9206.58       2.95485e-10
8203.27       9209.56       4.27914e-10
8203.27       9212.55       -9.47711e-12
8203.27       9215.53       4.74175e-10
8203.27       9218.52       2.38566e-10
8203.27       9221.51       7.50007e-11
8203.27       9224.49       5.25656e-10
8203.27       9227.48       5.50543e-11
8203.27       9230.46       2.54266e-10
8203.27       9233.45       4.52399e-10
8203.27       9236.44       -3.75698e-12
8203.27       9239.42       4.60168e-10
8203.27       9242.41       3.13705e-10
8203.27       9245.39       1.06719e-10
8203.27       9248.38       5.96872e-10
8203.27       9251.37       1.84572e-10
8203.27       9254.35       3.27295e-10
8203.27       9257.34       5.92e-10
8203.27       9260.33       1.12264e-10
8203.27       9263.31       5.07793e-10
8203.27       9266.3       3.86678e-10
8203.27       9269.28       5.09553e-11
8203.27       9272.27       4.5838e-10
8203.27       9275.26       -2.65315e-11
8203.27       9278.24       -9.40818e-11
8203.27       9281.23       7.50106e-11
8203.27       9284.21       -5.61167e-10
8203.27       9287.2       -3.55767e-10
8203.27       9290.19       -5.18383e-10
8203.27       9293.17       -9.70918e-10
8203.27       9296.16       -5.66844e-10
8203.27       9299.14       -9.27357e-10
8203.27       9302.13       -9.19537e-10
8203.27       9305.12       -4.94267e-10
8203.27       9308.1       -8.64941e-10
8203.27       9311.09       -4.37934e-10
8203.27       9314.07       -2.62961e-10
8203.27       9317.06       -5.25728e-10
8203.27       9320.05       4.47069e-11
8203.27       9323.03       -1.43448e-10
8203.27       9326.02       -1.54201e-10
8203.27       9329       3.07079e-10
8203.27       9331.99       -9.34545e-11
8203.27       9334.98       2.05341e-10
8203.27       9337.96       3.74578e-10
8203.27       9340.95       8.88468e-12
8203.27       9343.93       4.9632e-10
8203.27       9346.92       3.16125e-10
8203.27       9349.91       1.89357e-10
8203.27       9352.89       6.30084e-10
8203.27       9355.88       2.05039e-10
8203.27       9358.86       3.86933e-10
8203.27       9361.85       5.62854e-10
8203.27       9364.84       1.12877e-10
8203.27       9367.82       5.06633e-10
8203.27       9370.81       3.27012e-10
8203.27       9373.79       7.43677e-11
8203.27       9376.78       4.69791e-10
8203.27       9379.77       1.90279e-11
8203.27       9382.75       7.80662e-11
8203.27       9385.74       2.62281e-10
8203.27       9388.73       -2.43397e-10
8203.27       9391.71       7.9414e-11
8203.27       9394.7       -5.48534e-11
8203.27       9397.68       -3.72509e-10
8203.27       9400.67       3.49302e-11
8203.27       9403.66       -3.57947e-10
8203.27       9406.64       -3.37429e-10
8203.27       9409.63       -5.95403e-11
8203.27       9412.61       -5.123e-10
8203.27       9415.6       -1.69581e-10
8203.27       9418.59       -1.65832e-10
8203.27       9421.57       -4.54446e-10
8203.27       9424.56       3.24769e-11
8203.27       9427.54       -2.3203e-10
8203.27       9430.53       -2.03559e-10
8203.27       9433.52       1.85694e-10
8203.27       9436.5       -2.09266e-10
8203.27       9439.49       1.19811e-10
8203.27       9442.47       2.12445e-10
8203.27       9445.46       -1.15581e-10
8203.27       9448.45       3.37911e-10
8203.27       9451.43       8.14841e-11
8203.27       9454.42       -2.31643e-11
8203.27       9457.4       3.14763e-10
8203.27       9460.39       -1.64735e-10
8203.27       9463.38       2.10331e-12
8203.27       9466.36       5.83886e-11
8203.27       9469.35       -3.89906e-10
8203.27       9472.33       -2.08782e-11
8203.27       9475.32       -2.49696e-10
8203.27       9478.31       -4.06226e-10
8203.27       9481.29       1.3841e-11
8203.27       9484.28       -3.44572e-10
8203.27       9487.26       -1.07035e-10
8203.27       9490.25       1.58257e-10
8203.27       9493.24       -1.59492e-10
8203.27       9496.22       3.15304e-10
8203.27       9499.21       2.45783e-10
8203.27       9502.19       8.01916e-11
8203.27       9505.18       5.13312e-10
8203.27       9508.17       1.3605e-10
8203.27       9511.15       2.24618e-10
8203.27       9514.14       4.39272e-10
8203.27       9517.13       -2.30587e-12
8203.27       9520.11       3.3707e-10
8203.27       9523.1       2.53596e-10
8203.27       9526.08       -1.76889e-11
8203.27       9529.07       3.92605e-10
8203.27       9532.06       3.98603e-11
8203.27       9535.04       5.79182e-11
8203.27       9538.03       3.15455e-10
8203.27       9541.01       -1.35945e-10
8203.27       9544       1.50824e-10
8203.27       9546.99       1.19029e-10
8203.27       9549.97       -2.07649e-10
8203.27       9552.96       1.94389e-10
8203.27       9555.94       -1.14915e-10
8203.27       9558.93       -1.5952e-10
8203.27       9561.92       1.45529e-10
8203.27       9564.9       -2.90621e-10
8203.27       9567.89       -4.32523e-11
8203.27       9570.87       3.04372e-12
8203.27       9573.86       -3.42651e-10
8203.27       9576.85       6.79063e-11
8203.27       9579.83       -1.7248e-10
8203.27       9582.82       -2.63993e-10
8203.27       9585.8       8.6673e-11
8203.27       9588.79       -3.2575e-10
8203.27       9591.78       -1.23772e-10
8203.27       9594.76       -1.46516e-11
8203.27       9597.75       -3.92993e-10
8203.27       9600.73       -5.40593e-12
8203.27       9603.72       -1.93894e-10
8203.27       9606.71       -3.46219e-10
8203.27       9609.69       3.13451e-11
8203.27       9612.68       -3.5248e-10
8203.27       9615.66       -1.96439e-10
8203.27       9618.65       -1.10675e-11
8203.27       9621.64       -3.83265e-10
8203.27       9624.62       1.23928e-11
8203.27       9627.61       -7.47545e-11
8203.27       9630.59       -2.35066e-10
8203.27       9633.58       2.06694e-10
8203.27       9636.57       -1.01e-10
8203.27       9639.55       3.13177e-11
8203.27       9642.54       2.92932e-10
8203.27       9645.53       -8.2218e-11
8203.27       9648.51       2.71876e-10
8203.27       9651.5       2.25431e-10
8203.27       9654.48       -1.41278e-11
8203.27       9657.47       3.97779e-10
8203.27       9660.46       8.50494e-11
8203.27       9663.44       1.12324e-10
8203.27       9666.43       3.81098e-10
8203.27       9669.41       -3.8164e-11
8203.27       9672.4       2.37388e-10
8203.27       9675.39       2.18829e-10
8203.27       9678.37       -9.43945e-11
8203.27       9681.36       2.90229e-10
8203.27       9684.34       9.95208e-13
8206.25       8194.31       8.75539e-07
8206.25       8197.29       1.24563e-06
8206.25       8200.28       1.66223e-06
8206.25       8203.27       2.26551e-06
8206.25       8206.25       2.6257e-06
8206.25       8209.24       2.26992e-06
8206.25       8212.22       1.66838e-06
8206.25       8215.21       1.25213e-06
8206.25       8218.2       8.81054e-07
8206.25       8221.18       5.68213e-07
8206.25       8224.17       3.49252e-07
8206.25       8227.15       1.43323e-07
8206.25       8230.14       -6.51729e-09
8206.25       8233.13       -1.18085e-07
8206.25       8236.11       -2.23155e-07
8206.25       8239.1       -2.85407e-07
8206.25       8242.08       -3.39511e-07
8206.25       8245.07       -3.83521e-07
8206.25       8248.06       -4.00907e-07
8206.25       8251.04       -4.23114e-07
8206.25       8254.03       -4.30728e-07
8206.25       8257.01       -4.27525e-07
8206.25       8260       -4.30617e-07
8206.25       8262.99       -4.18338e-07
8206.25       8265.97       -4.07374e-07
8206.25       8268.96       -3.9807e-07
8206.25       8271.94       -3.7728e-07
8206.25       8274.93       -3.64128e-07
8206.25       8277.92       -3.46853e-07
8206.25       8280.9       -3.24948e-07
8206.25       8283.89       -3.1104e-07
8206.25       8286.87       -2.8964e-07
8206.25       8289.86       -2.70514e-07
8206.25       8292.85       -2.55562e-07
8206.25       8295.83       -2.33592e-07
8206.25       8298.82       -2.18207e-07
8206.25       8301.8       -2.01841e-07
8206.25       8304.79       -1.82059e-07
8206.25       8307.78       -1.69319e-07
8206.25       8310.76       -1.5179e-07
8206.25       8313.75       -1.35467e-07
8206.25       8316.73       -1.2327e-07
8206.25       8319.72       -1.05344e-07
8206.25       8322.71       -9.19882e-08
8206.25       8325.69       -7.83664e-08
8206.25       8328.68       -6.10559e-08
8206.25       8331.67       -4.93023e-08
8206.25       8334.65       -3.41378e-08
8206.25       8337.64       -1.9686e-08
8206.25       8340.62       -1.02773e-08
8206.25       8343.61       2.0599e-09
8206.25       8346.6       8.61289e-09
8206.25       8349.58       1.19334e-08
8206.25       8352.57       1.61634e-08
8206.25       8355.55       1.36437e-08
8206.25       8358.54       1.2319e-08
8206.25       8361.53       1.08688e-08
8206.25       8364.51       5.67974e-09
8206.25       8367.5       4.87906e-09
8206.25       8370.48       2.26505e-09
8206.25       8373.47       -7.03472e-10
8206.25       8376.46       3.53715e-10
8206.25       8379.44       -1.90852e-09
8206.25       8382.43       -1.85608e-09
8206.25       8385.41       -3.40647e-10
8206.25       8388.4       -1.94949e-09
8206.25       8391.39       1.35582e-10
8206.25       8394.37       8.0117e-10
8206.25       8397.36       2.29421e-10
8206.25       8400.34       2.97716e-09
8206.25       8403.33       2.50723e-09
8206.25       8406.32       3.2418e-09
8206.25       8409.3       5.41042e-09
8206.25       8412.29       4.34908e-09
8206.25       8415.27       6.18786e-09
8206.25       8418.26       7.04535e-09
8206.25       8421.25       6.25171e-09
8206.25       8424.23       8.4913e-09
8206.25       8427.22       7.98829e-09
8206.25       8430.2       8.08976e-09
8206.25       8433.19       9.83744e-09
8206.25       8436.18       8.53627e-09
8206.25       8439.16       9.60955e-09
8206.25       8442.15       1.02011e-08
8206.25       8445.13       8.93448e-09
8206.25       8448.12       1.04907e-08
8206.25       8451.11       9.79157e-09
8206.25       8454.09       9.23894e-09
8206.25       8457.08       1.05115e-08
8206.25       8460.06       8.96831e-09
8206.25       8463.05       9.35774e-09
8206.25       8466.04       9.72411e-09
8206.25       8469.02       8.13464e-09
8206.25       8472.01       9.19467e-09
8206.25       8475       8.50842e-09
8206.25       8477.98       7.64713e-09
8206.25       8480.97       8.80446e-09
8206.25       8483.95       7.47036e-09
8206.25       8486.94       7.73939e-09
8206.25       8489.93       8.45123e-09
8206.25       8492.91       7.22904e-09
8206.25       8495.9       8.519e-09
8206.25       8498.88       8.56663e-09
8206.25       8501.87       8.1827e-09
8206.25       8504.86       9.9277e-09
8206.25       8507.84       9.44606e-09
8206.25       8510.83       1.01455e-08
8206.25       8513.81       1.15055e-08
8206.25       8516.8       1.07394e-08
8206.25       8519.79       1.19967e-08
8206.25       8522.77       1.20755e-08
8206.25       8525.76       1.10619e-08
8206.25       8528.74       1.17645e-08
8206.25       8531.73       1.00724e-08
8206.25       8534.72       8.83024e-09
8206.25       8537.7       8.25941e-09
8206.25       8540.69       5.51973e-09
8206.25       8543.67       4.72086e-09
8206.25       8546.66       3.49337e-09
8206.25       8549.65       1.52213e-09
8206.25       8552.63       1.90398e-09
8206.25       8555.62       8.10112e-10
8206.25       8558.6       3.98772e-10
8206.25       8561.59       1.27483e-09
8206.25       8564.58       2.45867e-10
8206.25       8567.56       9.11286e-10
8206.25       8570.55       1.31018e-09
8206.25       8573.53       5.05375e-10
8206.25       8576.52       1.66827e-09
8206.25       8579.51       1.3217e-09
8206.25       8582.49       1.11511e-09
8206.25       8585.48       2.19414e-09
8206.25       8588.46       1.34471e-09
8206.25       8591.45       1.86164e-09
8206.25       8594.44       2.36608e-09
8206.25       8597.42       1.50247e-09
8206.25       8600.41       2.49491e-09
8206.25       8603.4       2.23063e-09
8206.25       8606.38       1.81796e-09
8206.25       8609.37       2.79966e-09
8206.25       8612.35       1.95349e-09
8206.25       8615.34       2.20287e-09
8206.25       8618.33       2.70072e-