8194.31       8194.31       5.19468e-06
8194.31       8197.29       4.82959e-06
8194.31       8200.28       4.19314e-06
8194.31       8203.27       3.71896e-06
8194.31       8206.25       3.273e-06
8194.31       8209.24       2.87276e-06
8194.31       8212.22       2.55683e-06
8194.31       8215.21       2.24779e-06
8194.31       8218.2       1.99081e-06
8194.31       8221.18       1.76971e-06
8194.31       8224.17       1.55465e-06
8194.31       8227.15       1.38283e-06
8194.31       8230.14       1.22054e-06
8194.31       8233.13       1.07077e-06
8194.31       8236.11       9.5023e-07
8194.31       8239.1       8.28155e-07
8194.31       8242.08       7.24351e-07
8194.31       8245.07       6.34958e-07
8194.31       8248.06       5.43365e-07
8194.31       8251.04       4.71164e-07
8194.31       8254.03       4.01573e-07
8194.31       8257.01       3.34571e-07
8194.31       8260       2.8293e-07
8194.31       8262.99       2.27565e-07
8194.31       8265.97       1.80306e-07
8194.31       8268.96       1.41201e-07
8194.31       8271.94       9.77899e-08
8194.31       8274.93       6.53512e-08
8194.31       8277.92       3.37632e-08
8194.31       8280.9       1.31614e-09
8194.31       8283.89       -2.12322e-08
8194.31       8286.87       -4.7623e-08
8194.31       8289.86       -7.02194e-08
8194.31       8292.85       -8.71057e-08
8194.31       8295.83       -1.08661e-07
8194.31       8298.82       -1.23212e-07
8194.31       8301.8       -1.37188e-07
8194.31       8304.79       -1.53332e-07
8194.31       8307.78       -1.62188e-07
8194.31       8310.76       -1.7428e-07
8194.31       8313.75       -1.84671e-07
8194.31       8316.73       -1.90467e-07
8194.31       8319.72       -2.00889e-07
8194.31       8322.71       -2.07047e-07
8194.31       8325.69       -2.13478e-07
8194.31       8328.68       -2.24223e-07
8194.31       8331.67       -2.31454e-07
8194.31       8334.65       -2.4388e-07
8194.31       8337.64       -2.58455e-07
8194.31       8340.62       -2.71161e-07
8194.31       8343.61       -2.89314e-07
8194.31       8346.6       -3.04676e-07
8194.31       8349.58       -3.18805e-07
8194.31       8352.57       -3.34959e-07
8194.31       8355.55       -3.45157e-07
8194.31       8358.54       -3.55827e-07
8194.31       8361.53       -3.6526e-07
8194.31       8364.51       -3.69498e-07
8194.31       8367.5       -3.75903e-07
8194.31       8370.48       -3.78761e-07
8194.31       8373.47       -3.79376e-07
8194.31       8376.46       -3.8213e-07
8194.31       8379.44       -3.80356e-07
8194.31       8382.43       -3.79458e-07
8194.31       8385.41       -3.78969e-07
8194.31       8388.4       -3.74684e-07
8194.31       8391.39       -3.73166e-07
8194.31       8394.37       -3.69812e-07
8194.31       8397.36       -3.6481e-07
8194.31       8400.34       -3.62603e-07
8194.31       8403.33       -3.57112e-07
8194.31       8406.32       -3.52521e-07
8194.31       8409.3       -3.49169e-07
8194.31       8412.29       -3.42657e-07
8194.31       8415.27       -3.38812e-07
8194.31       8418.26       -3.34038e-07
8194.31       8421.25       -3.27684e-07
8194.31       8424.23       -3.24241e-07
8194.31       8427.22       -3.18256e-07
8194.31       8430.2       -3.12904e-07
8194.31       8433.19       -3.09211e-07
8194.31       8436.18       -3.0272e-07
8194.31       8439.16       -2.98598e-07
8194.31       8442.15       -2.94139e-07
8194.31       8445.13       -2.88036e-07
8194.31       8448.12       -2.84752e-07
8194.31       8451.11       -2.79439e-07
8194.31       8454.09       -2.74396e-07
8194.31       8457.08       -2.71205e-07
8194.31       8460.06       -2.65433e-07
8194.31       8463.05       -2.61619e-07
8194.31       8466.04       -2.57853e-07
8194.31       8469.02       -2.52306e-07
8194.31       8472.01       -2.49363e-07
8194.31       8475       -2.44784e-07
8194.31       8477.98       -2.40105e-07
8194.31       8480.97       -2.37382e-07
8194.31       8483.95       -2.32294e-07
8194.31       8486.94       -2.28802e-07
8194.31       8489.93       -2.25737e-07
8194.31       8492.91       -2.2088e-07
8194.31       8495.9       -2.1851e-07
8194.31       8498.88       -2.15004e-07
8194.31       8501.87       -2.11254e-07
8194.31       8504.86       -2.0971e-07
8194.31       8507.84       -2.06241e-07
8194.31       8510.83       -2.04235e-07
8194.31       8513.81       -2.03153e-07
8194.31       8516.8       -2.00411e-07
8194.31       8519.79       -2.00012e-07
8194.31       8522.77       -1.98774e-07
8194.31       8525.76       -1.96809e-07
8194.31       8528.74       -1.96646e-07
8194.31       8531.73       -1.94186e-07
8194.31       8534.72       -1.92127e-07
8194.31       8537.7       -1.90466e-07
8194.31       8540.69       -1.86458e-07
8194.31       8543.67       -1.84047e-07
8194.31       8546.66       -1.80839e-07
8194.31       8549.65       -1.76671e-07
8194.31       8552.63       -1.74518e-07
8194.31       8555.62       -1.70737e-07
8194.31       8558.6       -1.67615e-07
8194.31       8561.59       -1.65692e-07
8194.31       8564.58       -1.62012e-07
8194.31       8567.56       -1.60131e-07
8194.31       8570.55       -1.58046e-07
8194.31       8573.53       -1.5499e-07
8194.31       8576.52       -1.5397e-07
8194.31       8579.51       -1.51563e-07
8194.31       8582.49       -1.49494e-07
8194.31       8585.48       -1.48724e-07
8194.31       8588.46       -1.46189e-07
8194.31       8591.45       -1.45135e-07
8194.31       8594.44       -1.44068e-07
8194.31       8597.42       -1.41809e-07
8194.31       8600.41       -1.41423e-07
8194.31       8603.4       -1.39806e-07
8194.31       8606.38       -1.38183e-07
8194.31       8609.37       -1.37896e-07
8194.31       8612.35       -1.35851e-07
8194.31       8615.34       -1.3497e-07
8194.31       8618.33       -1.34252e-07
8194.31       8621.31       -1.32175e-07
8194.31       8624.3       -1.31816e-07
8194.31       8627.28       -1.30418e-07
8194.31       8630.27       -1.28742e-07
8194.31       8633.26       -1.28459e-07
8194.31       8636.24       -1.26509e-07
8194.31       8639.23       -1.25473e-07
8194.31       8642.21       -1.24816e-07
8194.31       8645.2       -1.22731e-07
8194.31       8648.19       -1.22251e-07
8194.31       8651.17       -1.20979e-07
8194.31       8654.16       -1.19232e-07
8194.31       8657.14       -1.18943e-07
8194.31       8660.13       -1.17123e-07
8194.31       8663.12       -1.1598e-07
8194.31       8666.1       -1.15401e-07
8194.31       8669.09       -1.13333e-07
8194.31       8672.07       -1.12697e-07
8194.31       8675.06       -1.11451e-07
8194.31       8678.05       -1.09494e-07
8194.31       8681.03       -1.08983e-07
8194.31       8684.02       -1.07082e-07
8194.31       8687       -1.05662e-07
8194.31       8689.99       -1.05034e-07
8194.31       8692.98       -1.02986e-07
8194.31       8695.96       -1.02319e-07
8194.31       8698.95       -1.01385e-07
8194.31       8701.93       -9.97103e-08
8194.31       8704.92       -9.95893e-08
8194.31       8707.91       -9.83147e-08
8194.31       8710.89       -9.73468e-08
8194.31       8713.88       -9.73302e-08
8194.31       8716.86       -9.59041e-08
8194.31       8719.85       -9.56695e-08
8194.31       8722.84       -9.53395e-08
8194.31       8725.82       -9.40874e-08
8194.31       8728.81       -9.43023e-08
8194.31       8731.8       -9.347e-08
8194.31       8734.78       -9.26722e-08
8194.31       8737.77       -9.28789e-08
8194.31       8740.75       -9.16529e-08
8194.31       8743.74       -9.13849e-08
8194.31       8746.73       -9.11656e-08
8194.31       8749.71       -8.98707e-08
8194.31       8752.7       -8.99461e-08
8194.31       8755.68       -8.91167e-08
8194.31       8758.67       -8.81037e-08
8194.31       8761.66       -8.81674e-08
8194.31       8764.64       -8.68522e-08
8194.31       8767.63       -8.63142e-08
8194.31       8770.61       -8.60155e-08
8194.31       8773.6       -8.4575e-08
8194.31       8776.59       -8.44527e-08
8194.31       8779.57       -8.36307e-08
8194.31       8782.56       -8.24801e-08
8194.31       8785.54       -8.25082e-08
8194.31       8788.53       -8.12792e-08
8194.31       8791.52       -8.06862e-08
8194.31       8794.5       -8.05388e-08
8194.31       8797.49       -7.92281e-08
8194.31       8800.47       -7.91651e-08
8194.31       8803.46       -7.85876e-08
8194.31       8806.45       -7.74994e-08
8194.31       8809.43       -7.75755e-08
8194.31       8812.42       -7.64044e-08
8194.31       8815.4       -7.5571e-08
8194.31       8818.39       -7.5211e-08
8194.31       8821.38       -7.35577e-08
8194.31       8824.36       -7.29915e-08
8194.31       8827.35       -7.21065e-08
8194.31       8830.33       -7.06579e-08
8194.31       8833.32       -7.05478e-08
8194.31       8836.31       -6.95159e-08
8194.31       8839.29       -6.88795e-08
8194.31       8842.28       -6.90798e-08
8194.31       8845.26       -6.81738e-08
8194.31       8848.25       -6.83592e-08
8194.31       8851.24       -6.84502e-08
8194.31       8854.22       -6.78281e-08
8194.31       8857.21       -6.84504e-08
8194.31       8860.2       -6.815e-08
8194.31       8863.18       -6.79221e-08
8194.31       8866.17       -6.84882e-08
8194.31       8869.15       -6.78172e-08
8194.31       8872.14       -6.79699e-08
8194.31       8875.13       -6.80813e-08
8194.31       8878.11       -6.72808e-08
8194.31       8881.1       -6.7618e-08
8194.31       8884.08       -6.71119e-08
8194.31       8887.07       -6.64657e-08
8194.31       8890.06       -6.66737e-08
8194.31       8893.04       -6.5663e-08
8194.31       8896.03       -6.53276e-08
8194.31       8899.01       -6.5116e-08
8194.31       8902       -6.39261e-08
8194.31       8904.99       -6.3851e-08
8194.31       8907.97       -6.3107e-08
8194.31       8910.96       -6.21062e-08
8194.31       8913.94       -6.20726e-08
8194.31       8916.93       -6.09235e-08
8194.31       8919.92       -6.03491e-08
8194.31       8922.9       -6.01033e-08
8194.31       8925.89       -5.88699e-08
8194.31       8928.87       -5.87391e-08
8194.31       8931.86       -5.81424e-08
8194.31       8934.85       -5.71967e-08
8194.31       8937.83       -5.73166e-08
8194.31       8940.82       -5.64407e-08
8194.31       8943.8       -5.60308e-08
8194.31       8946.79       -5.61191e-08
8194.31       8949.78       -5.52122e-08
8194.31       8952.76       -5.5348e-08
8194.31       8955.75       -5.51842e-08
8194.31       8958.73       -5.45475e-08
8194.31       8961.72       -5.50019e-08
8194.31       8964.71       -5.45378e-08
8194.31       8967.69       -5.4366e-08
8194.31       8970.68       -5.47842e-08
8194.31       8973.66       -5.41487e-08
8194.31       8976.65       -5.44113e-08
8194.31       8979.64       -5.4469e-08
8194.31       8982.62       -5.38741e-08
8194.31       8985.61       -5.43078e-08
8194.31       8988.6       -5.38503e-08
8194.31       8991.58       -5.3459e-08
8194.31       8994.57       -5.36939e-08
8194.31       8997.55       -5.28172e-08
8194.31       9000.54       -5.26893e-08
8194.31       9003.53       -5.24914e-08
8194.31       9006.51       -5.15629e-08
8194.31       9009.5       -5.17101e-08
8194.31       9012.48       -5.11736e-08
8194.31       9015.47       -5.06763e-08
8194.31       9018.46       -5.10211e-08
8194.31       9021.44       -5.03871e-08
8194.31       9024.43       -5.04619e-08
8194.31       9027.41       -5.06429e-08
8194.31       9030.4       -4.99956e-08
8194.31       9033.39       -5.03326e-08
8194.31       9036.37       -5.00127e-08
8194.31       9039.36       -4.94772e-08
8194.31       9042.34       -4.97406e-08
8194.31       9045.33       -4.89664e-08
8194.31       9048.32       -4.87076e-08
8194.31       9051.3       -4.86609e-08
8194.31       9054.29       -4.77244e-08
8194.31       9057.27       -4.77506e-08
8194.31       9060.26       -4.72892e-08
8194.31       9063.25       -4.65285e-08
8194.31       9066.23       -4.66711e-08
8194.31       9069.22       -4.58806e-08
8194.31       9072.2       -4.55228e-08
8194.31       9075.19       -4.55462e-08
8194.31       9078.18       -4.46765e-08
8194.31       9081.16       -4.47432e-08
8194.31       9084.15       -4.44875e-08
8194.31       9087.13       -4.38391e-08
8194.31       9090.12       -4.41528e-08
8194.31       9093.11       -4.36216e-08
8194.31       9096.09       -4.34012e-08
8194.31       9099.08       -4.36845e-08
8194.31       9102.06       -4.30478e-08
8194.31       9105.05       -4.32655e-08
8194.31       9108.04       -4.32853e-08
8194.31       9111.02       -4.27891e-08
8194.31       9114.01       -4.32541e-08
8194.31       9116.99       -4.29362e-08
8194.31       9119.98       -4.277e-08
8194.31       9122.97       -4.31826e-08
8194.31       9125.95       -4.26379e-08
8194.31       9128.94       -4.2828e-08
8194.31       9131.93       -4.29246e-08
8194.31       9134.91       -4.23819e-08
8194.31       9137.9       -4.27746e-08
8194.31       9140.88       -4.24584e-08
8194.31       9143.87       -4.21447e-08
8194.31       9146.86       -4.24868e-08
8194.31       9149.84       -4.18755e-08
8194.31       9152.83       -4.19e-08
8194.31       9155.81       -4.1969e-08
8194.31       9158.8       -4.13305e-08
8194.31       9161.79       -4.16215e-08
8194.31       9164.77       -4.1314e-08
8194.31       9167.76       -4.08778e-08
8194.31       9170.74       -4.11624e-08
8194.31       9173.73       -4.05077e-08
8194.31       9176.72       -4.03645e-08
8194.31       9179.7       -4.03751e-08
8194.31       9182.69       -3.95966e-08
8194.31       9185.67       -3.97033e-08
8194.31       9188.66       -3.93252e-08
8194.31       9191.65       -3.87092e-08
8194.31       9194.63       -3.88929e-08
8194.31       9197.62       -3.82067e-08
8194.31       9200.6       -3.79479e-08
8194.31       9203.59       -3.79942e-08
8194.31       9206.58       -3.72369e-08
8194.31       9209.56       -3.73462e-08
8194.31       9212.55       -3.71194e-08
8194.31       9215.53       -3.65679e-08
8194.31       9218.52       -3.6881e-08
8194.31       9221.51       -3.64004e-08
8194.31       9224.49       -3.62427e-08
8194.31       9227.48       -3.65099e-08
8194.31       9230.46       -3.59449e-08
8194.31       9233.45       -3.61834e-08
8194.31       9236.44       -3.62034e-08
8194.31       9239.42       -3.57836e-08
8194.31       9242.41       -3.62391e-08
8194.31       9245.39       -3.59533e-08
8194.31       9248.38       -3.58477e-08
8194.31       9251.37       -3.62426e-08
8194.31       9254.35       -3.57632e-08
8194.31       9257.34       -3.59853e-08
8194.31       9260.33       -3.60811e-08
8194.31       9263.31       -3.56176e-08
8194.31       9266.3       -3.60105e-08
8194.31       9269.28       -3.57185e-08
8194.31       9272.27       -3.54623e-08
8194.31       9275.26       -3.57739e-08
8194.31       9278.24       -3.51969e-08
8194.31       9281.23       -3.52262e-08
8194.31       9284.21       -3.52504e-08
8194.31       9287.2       -3.46466e-08
8194.31       9290.19       -3.49156e-08
8194.31       9293.17       -3.46301e-08
8194.31       9296.16       -3.43095e-08
8194.31       9299.14       -3.46816e-08
8194.31       9302.13       -3.42244e-08
8194.31       9305.12       -3.43028e-08
8194.31       9308.1       -3.44937e-08
8194.31       9311.09       -3.39639e-08
8194.31       9314.07       -3.42333e-08
8194.31       9317.06       -3.39814e-08
8194.31       9320.05       -3.35055e-08
8194.31       9323.03       -3.37121e-08
8194.31       9326.02       -3.30674e-08
8194.31       9329       -3.28277e-08
8194.31       9331.99       -3.28155e-08
8194.31       9334.98       -3.20614e-08
8194.31       9337.96       -3.21209e-08
8194.31       9340.95       -3.18306e-08
8194.31       9343.93       -3.12767e-08
8194.31       9346.92       -3.15165e-08
8194.31       9349.91       -3.10089e-08
8194.31       9352.89       -3.08457e-08
8194.31       9355.88       -3.10518e-08
8194.31       9358.86       -3.05047e-08
8194.31       9361.85       -3.07334e-08
8194.31       9364.84       -3.07306e-08
8194.31       9367.82       -3.03625e-08
8194.31       9370.81       -3.08105e-08
8194.31       9373.79       -3.05569e-08
8194.31       9376.78       -3.05183e-08
8194.31       9379.77       -3.09231e-08
8194.31       9382.75       -3.0527e-08
8194.31       9385.74       -3.08154e-08
8194.31       9388.73       -3.09545e-08
8194.31       9391.71       -3.06082e-08
8194.31       9394.7       -3.10631e-08
8194.31       9397.68       -3.08596e-08
8194.31       9400.67       -3.07299e-08
8194.31       9403.66       -3.11061e-08
8194.31       9406.64       -3.06518e-08
8194.31       9409.63       -3.07857e-08
8194.31       9412.61       -3.08654e-08
8194.31       9415.6       -3.03646e-08
8194.31       9418.59       -3.06527e-08
8194.31       9421.57       -3.03542e-08
8194.31       9424.56       -3.00144e-08
8194.31       9427.54       -3.02523e-08
8194.31       9430.53       -2.96707e-08
8194.31       9433.52       -2.95987e-08
8194.31       9436.5       -2.9594e-08
8194.31       9439.49       -2.8955e-08
8194.31       9442.47       -2.91075e-08
8194.31       9445.46       -2.87844e-08
8194.31       9448.45       -2.83352e-08
8194.31       9451.43       -2.8552e-08
8194.31       9454.42       -2.80004e-08
8194.31       9457.4       -2.78957e-08
8194.31       9460.39       -2.79958e-08
8194.31       9463.38       -2.74381e-08
8194.31       9466.36       -2.76732e-08
8194.31       9469.35       -2.7559e-08
8194.31       9472.33       -2.72412e-08
8194.31       9475.32       -2.76594e-08
8194.31       9478.31       -2.736e-08
8194.31       9481.29       -2.74109e-08
8194.31       9484.28       -2.77575e-08
8194.31       9487.26       -2.73784e-08
8194.31       9490.25       -2.77058e-08
8194.31       9493.24       -2.77269e-08
8194.31       9496.22       -2.73788e-08
8194.31       9499.21       -2.7732e-08
8194.31       9502.19       -2.73569e-08
8194.31       9505.18       -2.71867e-08
8194.31       9508.17       -2.73875e-08
8194.31       9511.15       -2.68412e-08
8194.31       9514.14       -2.69736e-08
8194.31       9517.13       -2.6948e-08
8194.31       9520.11       -2.65157e-08
8194.31       9523.1       -2.68569e-08
8194.31       9526.08       -2.65743e-08
8194.31       9529.07       -2.64189e-08
8194.31       9532.06       -2.67325e-08
8194.31       9535.04       -2.62804e-08
8194.31       9538.03       -2.6426e-08
8194.31       9541.01       -2.65e-08
8194.31       9544       -2.60668e-08
8194.31       9546.99       -2.63928e-08
8194.31       9549.97       -2.61528e-08
8194.31       9552.96       -2.59195e-08
8194.31       9555.94       -2.62186e-08
8194.31       9558.93       -2.57475e-08
8194.31       9561.92       -2.57921e-08
8194.31       9564.9       -2.58677e-08
8194.31       9567.89       -2.53662e-08
8194.31       9570.87       -2.56182e-08
8194.31       9573.86       -2.53869e-08
8194.31       9576.85       -2.50659e-08
8194.31       9579.83       -2.53475e-08
8194.31       9582.82       -2.48828e-08
8194.31       9585.8       -2.48584e-08
8194.31       9588.79       -2.49775e-08
8194.31       9591.78       -2.44723e-08
8194.31       9594.76       -2.47086e-08
8194.31       9597.75       -2.45597e-08
8194.31       9600.73       -2.42297e-08
8194.31       9603.72       -2.4562e-08
8194.31       9606.71       -2.41841e-08
8194.31       9609.69       -2.41611e-08
8194.31       9612.68       -2.43842e-08
8194.31       9615.66       -2.39405e-08
8194.31       9618.65       -2.42036e-08
8194.31       9621.64       -2.41735e-08
8194.31       9624.62       -2.38621e-08
8194.31       9627.61       -2.42437e-08
8194.31       9630.59       -2.3946e-08
8194.31       9633.58       -2.38935e-08
8194.31       9636.57       -2.41635e-08
8194.31       9639.55       -2.37183e-08
8194.31       9642.54       -2.39164e-08
8194.31       9645.53       -2.39083e-08
8194.31       9648.51       -2.35262e-08
8194.31       9651.5       -2.38623e-08
8194.31       9654.48       -2.35762e-08
8194.31       9657.47       -2.34425e-08
8194.31       9660.46       -2.37236e-08
8194.31       9663.44       -2.32801e-08
8194.31       9666.43       -2.34286e-08
8194.31       9669.41       -2.3474e-08
8194.31       9672.4       -2.3063e-08
8194.31       9675.39       -2.33753e-08
8194.31       9678.37       -2.31231e-08
8194.31       9681.36       -2.29151e-08
8194.31       9684.34       -2.31904e-08
8197.29       8194.31       4.82959e-06
8197.29       8197.29       5.20657e-06
8197.29       8200.28       4.84063e-06
8197.29       8203.27       4.20274e-06
8197.29       8206.25       3.72745e-06
8197.29       8209.24       3.28047e-06
8197.29       8212.22       2.87933e-06
8197.29       8215.21       2.56266e-06
8197.29       8218.2       2.25292e-06
8197.29       8221.18       1.99536e-06
8197.29       8224.17       1.77373e-06
8197.29       8227.15       1.5582e-06
8197.29       8230.14       1.38598e-06
8197.29       8233.13       1.22331e-06
8197.29       8236.11       1.07321e-06
8197.29       8239.1       9.52376e-07
8197.29       8242.08       8.30026e-07
8197.29       8245.07       7.25997e-07
8197.29       8248.06       6.36376e-07
8197.29       8251.04       5.44593e-07
8197.29       8254.03       4.72222e-07
8197.29       8257.01       4.02458e-07
8197.29       8260       3.35325e-07
8197.29       8262.99       2.83548e-07
8197.29       8265.97       2.28058e-07
8197.29       8268.96       1.80707e-07
8197.29       8271.94       1.41489e-07
8197.29       8274.93       9.79961e-08
8197.29       8277.92       6.54832e-08
8197.29       8280.9       3.38064e-08
8197.29       8283.89       1.30893e-09
8197.29       8286.87       -2.13068e-08
8197.29       8289.86       -4.77591e-08
8197.29       8292.85       -7.03894e-08
8197.29       8295.83       -8.73379e-08
8197.29       8298.82       -1.08928e-07
8197.29       8301.8       -1.23509e-07
8197.29       8304.79       -1.37536e-07
8197.29       8307.78       -1.53693e-07
8197.29       8310.76       -1.62583e-07
8197.29       8313.75       -1.74707e-07
8197.29       8316.73       -1.85102e-07
8197.29       8319.72       -1.90934e-07
8197.29       8322.71       -2.01368e-07
8197.29       8325.69       -2.07534e-07
8197.29       8328.68       -2.14e-07
8197.29       8331.67       -2.24746e-07
8197.29       8334.65       -2.32005e-07
8197.29       8337.64       -2.44467e-07
8197.29       8340.62       -2.59054e-07
8197.29       8343.61       -2.71811e-07
8197.29       8346.6       -2.89996e-07
8197.29       8349.58       -3.05385e-07
8197.29       8352.57       -3.19568e-07
8197.29       8355.55       -3.35739e-07
8197.29       8358.54       -3.45967e-07
8197.29       8361.53       -3.56672e-07
8197.29       8364.51       -3.66106e-07
8197.29       8367.5       -3.70374e-07
8197.29       8370.48       -3.76788e-07
8197.29       8373.47       -3.7964e-07
8197.29       8376.46       -3.80279e-07
8197.29       8379.44       -3.8302e-07
8197.29       8382.43       -3.81246e-07
8197.29       8385.41       -3.80359e-07
8197.29       8388.4       -3.79846e-07
8197.29       8391.39       -3.75569e-07
8197.29       8394.37       -3.74045e-07
8197.29       8397.36       -3.70669e-07
8197.29       8400.34       -3.65678e-07
8197.29       8403.33       -3.63448e-07
8197.29       8406.32       -3.57947e-07
8197.29       8409.3       -3.5336e-07
8197.29       8412.29       -3.49978e-07
8197.29       8415.27       -3.43466e-07
8197.29       8418.26       -3.39614e-07
8197.29       8421.25       -3.3481e-07
8197.29       8424.23       -3.28464e-07
8197.29       8427.22       -3.24997e-07
8197.29       8430.2       -3.18997e-07
8197.29       8433.19       -3.13651e-07
8197.29       8436.18       -3.09928e-07
8197.29       8439.16       -3.03437e-07
8197.29       8442.15       -2.9931e-07
8197.29       8445.13       -2.94823e-07
8197.29       8448.12       -2.88729e-07
8197.29       8451.11       -2.85424e-07
8197.29       8454.09       -2.80094e-07
8197.29       8457.08       -2.75058e-07
8197.29       8460.06       -2.71838e-07
8197.29       8463.05       -2.66063e-07
8197.29       8466.04       -2.62246e-07
8197.29       8469.02       -2.58451e-07
8197.29       8472.01       -2.52912e-07
8197.29       8475       -2.49953e-07
8197.29       8477.98       -2.45355e-07
8197.29       8480.97       -2.40687e-07
8197.29       8483.95       -2.37936e-07
8197.29       8486.94       -2.32846e-07
8197.29       8489.93       -2.29355e-07
8197.29       8492.91       -2.26263e-07
8197.29       8495.9       -2.21415e-07
8197.29       8498.88       -2.19032e-07
8197.29       8501.87       -2.15508e-07
8197.29       8504.86       -2.11771e-07
8197.29       8507.84       -2.10203e-07
8197.29       8510.83       -2.06731e-07
8197.29       8513.81       -2.04733e-07
8197.29       8516.8       -2.03626e-07
8197.29       8519.79       -2.00896e-07
8197.29       8522.77       -2.00492e-07
8197.29       8525.76       -1.99237e-07
8197.29       8528.74       -1.97289e-07
8197.29       8531.73       -1.97109e-07
8197.29       8534.72       -1.94644e-07
8197.29       8537.7       -1.92594e-07
8197.29       8540.69       -1.90907e-07
8197.29       8543.67       -1.86906e-07
8197.29       8546.66       -1.84489e-07
8197.29       8549.65       -1.81258e-07
8197.29       8552.63       -1.77102e-07
8197.29       8555.62       -1.74929e-07
8197.29       8558.6       -1.71139e-07
8197.29       8561.59       -1.68025e-07
8197.29       8564.58       -1.66076e-07
8197.29       8567.56       -1.62401e-07
8197.29       8570.55       -1.60518e-07
8197.29       8573.53       -1.58411e-07
8197.29       8576.52       -1.5537e-07
8197.29       8579.51       -1.54335e-07
8197.29       8582.49       -1.51918e-07
8197.29       8585.48       -1.49863e-07
8197.29       8588.46       -1.4907e-07
8197.29       8591.45       -1.46541e-07
8197.29       8594.44       -1.4549e-07
8197.29       8597.42       -1.44402e-07
8197.29       8600.41       -1.42159e-07
8197.29       8603.4       -1.41762e-07
8197.29       8606.38       -1.40135e-07
8197.29       8609.37       -1.38529e-07
8197.29       8612.35       -1.38222e-07
8197.29       8615.34       -1.36182e-07
8197.29       8618.33       -1.35308e-07
8197.29       8621.31       -1.34569e-07
8197.29       8624.3       -1.32506e-07
8197.29       8627.28       -1.32139e-07
8197.29       8630.27       -1.30727e-07
8197.29       8633.26       -1.29066e-07
8197.29       8636.24       -1.28762e-07
8197.29       8639.23       -1.26811e-07
8197.29       8642.21       -1.25781e-07
8197.29       8645.2       -1.251e-07
8197.29       8648.19       -1.23027e-07
8197.29       8651.17       -1.22541e-07
8197.29       8654.16       -1.21253e-07
8197.29       8657.14       -1.19523e-07
8197.29       8660.13       -1.19216e-07
8197.29       8663.12       -1.17394e-07
8197.29       8666.1       -1.16261e-07
8197.29       8669.09       -1.1566e-07
8197.29       8672.07       -1.13604e-07
8197.29       8675.06       -1.12964e-07
8197.29       8678.05       -1.11702e-07
8197.29       8681.03       -1.09762e-07
8197.29       8684.02       -1.09235e-07
8197.29       8687       -1.07332e-07
8197.29       8689.99       -1.05925e-07
8197.29       8692.98       -1.05274e-07
8197.29       8695.96       -1.03237e-07
8197.29       8698.95       -1.02571e-07
8197.29       8701.93       -1.01619e-07
8197.29       8704.92       -9.99609e-08
8197.29       8707.91       -9.98261e-08
8197.29       8710.89       -9.85453e-08
8197.29       8713.88       -9.75915e-08
8197.29       8716.86       -9.75538e-08
8197.29       8719.85       -9.61362e-08
8197.29       8722.84       -9.59049e-08
8197.29       8725.82       -9.55567e-08
8197.29       8728.81       -9.43222e-08
8197.29       8731.8       -9.45274e-08
8197.29       8734.78       -9.3687e-08
8197.29       8737.77       -9.29067e-08
8197.29       8740.75       -9.30938e-08
8197.29       8743.74       -9.18747e-08
8197.29       8746.73       -9.16129e-08
8197.29       8749.71       -9.1375e-08
8197.29       8752.7       -9.00947e-08
8197.29       8755.68       -9.01634e-08
8197.29       8758.67       -8.93238e-08
8197.29       8761.66       -8.83275e-08
8197.29       8764.64       -8.83725e-08
8197.29       8767.63       -8.70605e-08
8197.29       8770.61       -8.65301e-08
8197.29       8773.6       -8.62104e-08
8197.29       8776.59       -8.47837e-08
8197.29       8779.57       -8.4655e-08
8197.29       8782.56       -8.38199e-08
8197.29       8785.54       -8.26858e-08
8197.29       8788.53       -8.26963e-08
8197.29       8791.52       -8.14678e-08
8197.29       8794.5       -8.08846e-08
8197.29       8797.49       -8.07163e-08
8197.29       8800.47       -7.94184e-08
8197.29       8803.46       -7.93524e-08
8197.29       8806.45       -7.87605e-08
8197.29       8809.43       -7.76894e-08
8197.29       8812.42       -7.775e-08
8197.29       8815.4       -7.6577e-08
8197.29       8818.39       -7.5755e-08
8197.29       8821.38       -7.53737e-08
8197.29       8824.36       -7.37305e-08
8197.29       8827.35       -7.3163e-08
8197.29       8830.33       -7.2261e-08
8197.29       8833.32       -7.08286e-08
8197.29       8836.31       -7.07049e-08
8197.29       8839.29       -6.96687e-08
8197.29       8842.28       -6.90459e-08
8197.29       8845.26       -6.92267e-08
8197.29       8848.25       -6.83306e-08
8197.29       8851.24       -6.85195e-08
8197.29       8854.22       -6.85948e-08
8197.29       8857.21       -6.79911e-08
8197.29       8860.2       -6.86043e-08
8197.29       8863.18       -6.82995e-08
8197.29       8866.17       -6.80884e-08
8197.29       8869.15       -6.86375e-08
8197.29       8872.14       -6.79751e-08
8197.29       8875.13       -6.81341e-08
8197.29       8878.11       -6.82286e-08
8197.29       8881.1       -6.7444e-08
8197.29       8884.08       -6.77758e-08
8197.29       8887.07       -6.72599e-08
8197.29       8890.06       -6.66301e-08
8197.29       8893.04       -6.68205e-08
8197.29       8896.03       -6.58149e-08
8197.29       8899.01       -6.54869e-08
8197.29       8902       -6.52571e-08
8197.29       8904.99       -6.40823e-08
8197.29       8907.97       -6.40016e-08
8197.29       8910.96       -6.32463e-08
8197.29       8913.94       -6.22612e-08
8197.29       8916.93       -6.22097e-08
8197.29       8919.92       -6.10596e-08
8197.29       8922.9       -6.04961e-08
8197.29       8925.89       -6.02281e-08
8197.29       8928.87       -5.90073e-08
8197.29       8931.86       -5.88728e-08
8197.29       8934.85       -5.82634e-08
8197.29       8937.83       -5.73348e-08
8197.29       8940.82       -5.74404e-08
8197.29       8943.8       -5.65647e-08
8197.29       8946.79       -5.61664e-08
8197.29       8949.78       -5.62361e-08
8197.29       8952.76       -5.53411e-08
8197.29       8955.75       -5.54764e-08
8197.29       8958.73       -5.52987e-08
8197.29       8961.72       -5.46789e-08
8197.29       8964.71       -5.51209e-08
8197.29       8967.69       -5.46545e-08
8197.29       8970.68       -5.44958e-08
8197.29       8973.66       -5.48957e-08
8197.29       8976.65       -5.42705e-08
8197.29       8979.64       -5.45354e-08
8197.29       8982.62       -5.45782e-08
8197.29       8985.61       -5.40004e-08
8197.29       8988.6       -5.44241e-08
8197.29       8991.58       -5.39622e-08
8197.29       8994.57       -5.35856e-08
8197.29       8997.55       -5.3803e-08
8197.29       9000.54       -5.29343e-08
8197.29       9003.53       -5.28107e-08
8197.29       9006.51       -5.25967e-08
8197.29       9009.5       -5.1684e-08
8197.29       9012.48       -5.1823e-08
8197.29       9015.47       -5.128e-08
8197.29       9018.46       -5.07981e-08
8197.29       9021.44       -5.11268e-08
8197.29       9024.43       -5.0499e-08
8197.29       9027.41       -5.05808e-08
8197.29       9030.4       -5.07455e-08
8197.29       9033.39       -5.01134e-08
8197.29       9036.37       -5.0445e-08
8197.29       9039.36       -5.01167e-08
8197.29       9042.34       -4.95973e-08
8197.29       9045.33       -4.9846e-08
8197.29       9048.32       -4.90746e-08
8197.29       9051.3       -4.88252e-08
8197.29       9054.29       -4.87611e-08
8197.29       9057.27       -4.78376e-08
8197.29       9060.26       -4.78604e-08
8197.29       9063.25       -4.73882e-08
8197.29       9066.23       -4.66434e-08
8197.29       9069.22       -4.6772e-08
8197.29       9072.2       -4.59824e-08
8197.29       9075.19       -4.56338e-08
8197.29       9078.18       -4.56405e-08
8197.29       9081.16       -4.4782e-08
8197.29       9084.15       -4.48471e-08
8197.29       9087.13       -4.45787e-08
8197.29       9090.12       -4.39458e-08
8197.29       9093.11       -4.42469e-08
8197.29       9096.09       -4.3714e-08
8197.29       9099.08       -4.35051e-08
8197.29       9102.06       -4.37714e-08
8197.29       9105.05       -4.31452e-08
8197.29       9108.04       -4.3365e-08
8197.29       9111.02       -4.33728e-08
8197.29       9114.01       -4.28944e-08
8197.29       9116.99       -4.33515e-08
8197.29       9119.98       -4.30325e-08
8197.29       9122.97       -4.28813e-08
8197.29       9125.95       -4.32789e-08
8197.29       9128.94       -4.27432e-08
8197.29       9131.93       -4.29372e-08
8197.29       9134.91       -4.30193e-08
8197.29       9137.9       -4.24914e-08
8197.29       9140.88       -4.28757e-08
8197.29       9143.87       -4.25536e-08
8197.29       9146.86       -4.22531e-08
8197.29       9149.84       -4.25788e-08
8197.29       9152.83       -4.19727e-08
8197.29       9155.81       -4.20017e-08
8197.29       9158.8       -4.20544e-08
8197.29       9161.79       -4.14285e-08
8197.29       9164.77       -4.17125e-08
8197.29       9167.76       -4.13961e-08
8197.29       9170.74       -4.09729e-08
8197.29       9173.73       -4.12417e-08
8197.29       9176.72       -4.05898e-08
8197.29       9179.7       -4.04531e-08
8197.29       9182.69       -4.04479e-08
8197.29       9185.67       -3.96824e-08
8197.29       9188.66       -3.97858e-08
8197.29       9191.65       -3.93992e-08
8197.29       9194.63       -3.87986e-08
8197.29       9197.62       -3.89698e-08
8197.29       9200.6       -3.82857e-08
8197.29       9203.59       -3.80359e-08
8197.29       9206.58       -3.80677e-08
8197.29       9209.56       -3.73203e-08
8197.29       9212.55       -3.74285e-08
8197.29       9215.53       -3.71909e-08
8197.29       9218.52       -3.66543e-08
8197.29       9221.51       -3.69559e-08
8197.29       9224.49       -3.6475e-08
8197.29       9227.48       -3.63278e-08
8197.29       9230.46       -3.65798e-08
8197.29       9233.45       -3.60236e-08
8197.29       9236.44       -3.6265e-08
8197.29       9239.42       -3.62721e-08
8197.29       9242.41       -3.58672e-08
8197.29       9245.39       -3.63133e-08
8197.29       9248.38       -3.60255e-08
8197.29       9251.37       -3.5932e-08
8197.29       9254.35       -3.63124e-08
8197.29       9257.34       -3.58416e-08
8197.29       9260.33       -3.60668e-08
8197.29       9263.31       -3.61502e-08
8197.29       9266.3       -3.57011e-08
8197.29       9269.28       -3.60861e-08
8197.29       9272.27       -3.57899e-08
8197.29       9275.26       -3.55459e-08
8197.29       9278.24       -3.58431e-08
8197.29       9281.23       -3.5272e-08
8197.29       9284.21       -3.53055e-08
8197.29       9287.2       -3.5316e-08
8197.29       9290.19       -3.47251e-08
8197.29       9293.17       -3.49882e-08
8197.29       9296.16       -3.46965e-08
8197.29       9299.14       -3.43891e-08
8197.29       9302.13       -3.47482e-08
8197.29       9305.12       -3.42956e-08
8197.29       9308.1       -3.43805e-08
8197.29       9311.09       -3.4558e-08
8197.29       9314.07       -3.40406e-08
8197.29       9317.06       -3.43065e-08
8197.29       9320.05       -3.40472e-08
8197.29       9323.03       -3.35847e-08
8197.29       9326.02       -3.37795e-08
8197.29       9329       -3.3137e-08
8197.29       9331.99       -3.29047e-08
8197.29       9334.98       -3.28782e-08
8197.29       9337.96       -3.21342e-08
8197.29       9340.95       -3.21912e-08
8197.29       9343.93       -3.18913e-08
8197.29       9346.92       -3.13502e-08
8197.29       9349.91       -3.15789e-08
8197.29       9352.89       -3.10713e-08
8197.29       9355.88       -3.09169e-08
8197.29       9358.86       -3.11096e-08
8197.29       9361.85       -3.0571e-08
8197.29       9364.84       -3.08013e-08
8197.29       9367.82       -3.07888e-08
8197.29       9370.81       -3.04344e-08
8197.29       9373.79       -3.08737e-08
8197.29       9376.78       -3.06189e-08
8197.29       9379.77       -3.05901e-08
8197.29       9382.75       -3.09811e-08
8197.29       9385.74       -3.05921e-08
8197.29       9388.73       -3.08818e-08
8197.29       9391.71       -3.10102e-08
8197.29       9394.7       -3.06768e-08
8197.29       9397.68       -3.1126e-08
8197.29       9400.67       -3.09188e-08
8197.29       9403.66       -3.08023e-08
8197.29       9406.64       -3.11663e-08
8197.29       9409.63       -3.0718e-08
8197.29       9412.61       -3.08551e-08
8197.29       9415.6       -3.09226e-08
8197.29       9418.59       -3.04327e-08
8197.29       9421.57       -3.07143e-08
8197.29       9424.56       -3.04102e-08
8197.29       9427.54       -3.00811e-08
8197.29       9430.53       -3.03066e-08
8197.29       9433.52       -2.9729e-08
8197.29       9436.5       -2.9662e-08
8197.29       9439.49       -2.96454e-08
8197.29       9442.47       -2.90173e-08
8197.29       9445.46       -2.91664e-08
8197.29       9448.45       -2.88375e-08
8197.29       9451.43       -2.84002e-08
8197.29       9454.42       -2.86063e-08
8197.29       9457.4       -2.80581e-08
8197.29       9460.39       -2.79597e-08
8197.29       9463.38       -2.80481e-08
8197.29       9466.36       -2.75001e-08
8197.29       9469.35       -2.77334e-08
8197.29       9472.33       -2.76121e-08
8197.29       9475.32       -2.73061e-08
8197.29       9478.31       -2.77151e-08
8197.29       9481.29       -2.74167e-08
8197.29       9484.28       -2.74753e-08
8197.29       9487.26       -2.78103e-08
8197.29       9490.25       -2.74397e-08
8197.29       9493.24       -2.77667e-08
8197.29       9496.22       -2.77794e-08
8197.29       9499.21       -2.74426e-08
8197.29       9502.19       -2.77875e-08
8197.29       9505.18       -2.74114e-08
8197.29       9508.17       -2.72493e-08
8197.29       9511.15       -2.74383e-08
8197.29       9514.14       -2.68986e-08
8197.29       9517.13       -2.70315e-08
8197.29       9520.11       -2.69963e-08
8197.29       9523.1       -2.65743e-08
8197.29       9526.08       -2.69081e-08
8197.29       9529.07       -2.66221e-08
8197.29       9532.06       -2.64769e-08
8197.29       9535.04       -2.67775e-08
8197.29       9538.03       -2.63309e-08
8197.29       9541.01       -2.64787e-08
8197.29       9544       -2.65429e-08
8197.29       9546.99       -2.61188e-08
8197.29       9549.97       -2.64415e-08
8197.29       9552.96       -2.61959e-08
8197.29       9555.94       -2.59727e-08
8197.29       9558.93       -2.62619e-08
8197.29       9561.92       -2.57951e-08
8197.29       9564.9       -2.58441e-08
8197.29       9567.89       -2.59102e-08
8197.29       9570.87       -2.54187e-08
8197.29       9573.86       -2.56679e-08
8197.29       9576.85       -2.54324e-08
8197.29       9579.83       -2.51218e-08
8197.29       9582.82       -2.53946e-08
8197.29       9585.8       -2.49324e-08
8197.29       9588.79       -2.49125e-08
8197.29       9591.78       -2.50207e-08
8197.29       9594.76       -2.45223e-08
8197.29       9597.75       -2.4755e-08
8197.29       9600.73       -2.45988e-08
8197.29       9603.72       -2.42773e-08
8197.29       9606.71       -2.46011e-08
8197.29       9609.69       -2.42243e-08
8197.29       9612.68       -2.42079e-08
8197.29       9615.66       -2.4422e-08
8197.29       9618.65       -2.39867e-08
8197.29       9621.64       -2.42504e-08
8197.29       9624.62       -2.42147e-08
8197.29       9627.61       -2.39139e-08
8197.29       9630.59       -2.42899e-08
8197.29       9633.58       -2.3993e-08
8197.29       9636.57       -2.39482e-08
8197.29       9639.55       -2.421e-08
8197.29       9642.54       -2.37717e-08
8197.29       9645.53       -2.39715e-08
8197.29       9648.51       -2.39573e-08
8197.29       9651.5       -2.35849e-08
8197.29       9654.48       -2.39162e-08
8197.29       9657.47       -2.36287e-08
8197.29       9660.46       -2.35016e-08
8197.29       9663.44       -2.37731e-08
8197.29       9666.43       -2.33326e-08
8197.29       9669.41       -2.34809e-08
8197.29       9672.4       -2.35168e-08
8197.29       9675.39       -2.31114e-08
8197.29       9678.37       -2.34185e-08
8197.29       9681.36       -2.3162e-08
8197.29       9684.34       -2.29603e-08
8200.28       8194.31       4.19314e-06
8200.28       8197.29       4.84063e-06
8200.28       8200.28       5.2185e-06
8200.28       8203.27       4.8517e-06
8200.28       8206.25       4.21234e-06
8200.28       8209.24       3.73598e-06
8200.28       8212.22       3.28795e-06
8200.28       8215.21       2.88591e-06
8200.28       8218.2       2.56852e-06
8200.28       8221.18       2.25804e-06
8200.28       8224.17       1.99991e-06
8200.28       8227.15       1.77777e-06
8200.28       8230.14       1.56174e-06
8200.28       8233.13       1.38914e-06
8200.28       8236.11       1.22608e-06
8200.28       8239.1       1.07564e-06
8200.28       8242.08       9.54544e-07
8200.28       8245.07       8.3189e-07
8200.28       8248.06       7.27642e-07
8200.28       8251.04       6.37812e-07
8200.28       8254.03       5.45804e-07
8200.28       8257.01       4.73292e-07
8200.28       8260       4.03349e-07
8200.28       8262.99       3.36065e-07
8200.28       8265.97       2.84185e-07
8200.28       8268.96       2.28545e-07
8200.28       8271.94       1.81103e-07
8200.28       8274.93       1.41795e-07
8200.28       8277.92       9.81862e-08
8200.28       8280.9       6.56227e-08
8200.28       8283.89       3.38577e-08
8200.28       8286.87       1.28469e-09
8200.28       8289.86       -2.13649e-08
8200.28       8292.85       -4.79013e-08
8200.28       8295.83       -7.05687e-08
8200.28       8298.82       -8.7553e-08
8200.28       8301.8       -1.09211e-07
8200.28       8304.79       -1.23802e-07
8200.28       8307.78       -1.37874e-07
8200.28       8310.76       -1.54073e-07
8200.28       8313.75       -1.62964e-07
8200.28       8316.73       -1.75138e-07
8200.28       8319.72       -1.85544e-07
8200.28       8322.71       -1.91384e-07
8200.28       8325.69       -2.01862e-07
8200.28       8328.68       -2.08019e-07
8200.28       8331.67       -2.1451e-07
8200.28       8334.65       -2.25289e-07
8200.28       8337.64       -2.32543e-07
8200.28       8340.62       -2.45056e-07
8200.28       8343.61       -2.59667e-07
8200.28       8346.6       -2.72445e-07
8200.28       8349.58       -2.90693e-07
8200.28       8352.57       -3.06096e-07
8200.28       8355.55       -3.2032e-07
8200.28       8358.54       -3.36539e-07
8200.28       8361.53       -3.46769e-07
8200.28       8364.51       -3.57519e-07
8200.28       8367.5       -3.66968e-07
8200.28       8370.48       -3.71235e-07
8200.28       8373.47       -3.77686e-07
8200.28       8376.46       -3.80525e-07
8200.28       8379.44       -3.8117e-07
8200.28       8382.43       -3.8393e-07
8200.28       8385.41       -3.82129e-07
8200.28       8388.4       -3.81258e-07
8200.28       8391.39       -3.8074e-07
8200.28       8394.37       -3.76439e-07
8200.28       8397.36       -3.74934e-07
8200.28       8400.34       -3.71533e-07
8200.28       8403.33       -3.66532e-07
8200.28       8406.32       -3.64313e-07
8200.28       8409.3       -3.58776e-07
8200.28       8412.29       -3.54195e-07
8200.28       8415.27       -3.50804e-07
8200.28       8418.26       -3.44261e-07
8200.28       8421.25       -3.40421e-07
8200.28       8424.23       -3.35591e-07
8200.28       8427.22       -3.29228e-07
8200.28       8430.2       -3.25772e-07
8200.28       8433.19       -3.19736e-07
8200.28       8436.18       -3.14393e-07
8200.28       8439.16       -3.10666e-07
8200.28       8442.15       -3.04142e-07
8200.28       8445.13       -3.00028e-07
8200.28       8448.12       -2.95519e-07
8200.28       8451.11       -2.89406e-07
8200.28       8454.09       -2.86112e-07
8200.28       8457.08       -2.80747e-07
8200.28       8460.06       -2.7571e-07
8200.28       8463.05       -2.72488e-07
8200.28       8466.04       -2.6668e-07
8200.28       8469.02       -2.62875e-07
8200.28       8472.01       -2.59062e-07
8200.28       8475       -2.53503e-07
8200.28       8477.98       -2.50557e-07
8200.28       8480.97       -2.45929e-07
8200.28       8483.95       -2.41258e-07
8200.28       8486.94       -2.38511e-07
8200.28       8489.93       -2.33388e-07
8200.28       8492.91       -2.29909e-07
8200.28       8495.9       -2.26803e-07
8200.28       8498.88       -2.21933e-07
8200.28       8501.87       -2.19566e-07
8200.28       8504.86       -2.16014e-07
8200.28       8507.84       -2.12274e-07
8200.28       8510.83       -2.10714e-07
8200.28       8513.81       -2.07213e-07
8200.28       8516.8       -2.05227e-07
8200.28       8519.79       -2.04114e-07
8200.28       8522.77       -2.01364e-07
8200.28       8525.76       -2.00981e-07
8200.28       8528.74       -1.99705e-07
8200.28       8531.73       -1.97755e-07
8200.28       8534.72       -1.97588e-07
8200.28       8537.7       -1.95095e-07
8200.28       8540.69       -1.93057e-07
8200.28       8543.67       -1.91364e-07
8200.28       8546.66       -1.87339e-07
8200.28       8549.65       -1.84938e-07
8200.28       8552.63       -1.81684e-07
8200.28       8555.62       -1.77518e-07
8200.28       8558.6       -1.75357e-07
8200.28       8561.59       -1.71535e-07
8200.28       8564.58       -1.68428e-07
8200.28       8567.56       -1.66477e-07
8200.28       8570.55       -1.62777e-07
8200.28       8573.53       -1.6091e-07
8200.28       8576.52       -1.58786e-07
8200.28       8579.51       -1.55734e-07
8200.28       8582.49       -1.54715e-07
8200.28       8585.48       -1.52271e-07
8200.28       8588.46       -1.50223e-07
8200.28       8591.45       -1.49433e-07
8200.28       8594.44       -1.4688e-07
8200.28       8597.42       -1.45848e-07
8200.28       8600.41       -1.44748e-07
8200.28       8603.4       -1.42494e-07
8200.28       8606.38       -1.42117e-07
8200.28       8609.37       -1.40467e-07
8200.28       8612.35       -1.38866e-07
8200.28       8615.34       -1.38567e-07
8200.28       8618.33       -1.36503e-07
8200.28       8621.31       -1.35647e-07
8200.28       8624.3       -1.34898e-07
8200.28       8627.28       -1.3282e-07
8200.28       8630.27       -1.3247e-07
8200.28       8633.26       -1.31034e-07
8200.28       8636.24       -1.29373e-07
8200.28       8639.23       -1.29077e-07
8200.28       8642.21       -1.271e-07
8200.28       8645.2       -1.26084e-07
8200.28       8648.19       -1.25396e-07
8200.28       8651.17       -1.23306e-07
8200.28       8654.16       -1.22839e-07
8200.28       8657.14       -1.21531e-07
8200.28       8660.13       -1.198e-07
8200.28       8663.12       -1.19505e-07
8200.28       8666.1       -1.17657e-07
8200.28       8669.09       -1.16539e-07
8200.28       8672.07       -1.15935e-07
8200.28       8675.06       -1.1386e-07
8200.28       8678.05       -1.13241e-07
8200.28       8681.03       -1.11961e-07
8200.28       8684.02       -1.10018e-07
8200.28       8687       -1.09506e-07
8200.28       8689.99       -1.07578e-07
8200.28       8692.98       -1.06183e-07
8200.28       8695.96       -1.05533e-07
8200.28       8698.95       -1.03475e-07
8200.28       8701.93       -1.02828e-07
8200.28       8704.92       -1.0186e-07
8200.28       8707.91       -1.00196e-07
8200.28       8710.89       -1.00077e-07
8200.28       8713.88       -9.87721e-08
8200.28       8716.86       -9.78278e-08
8200.28       8719.85       -9.77939e-08
8200.28       8722.84       -9.63555e-08
8200.28       8725.82       -9.61441e-08
8200.28       8728.81       -9.57845e-08
8200.28       8731.8       -9.45422e-08
8200.28       8734.78       -9.47654e-08
8200.28       8737.77       -9.39042e-08
8200.28       8740.75       -9.31312e-08
8200.28       8743.74       -9.33258e-08
8200.28       8746.73       -9.2085e-08
8200.28       8749.71       -9.18427e-08
8200.28       8752.7       -9.15944e-08
8200.28       8755.68       -9.03042e-08
8200.28       8758.67       -9.0392e-08
8200.28       8761.66       -8.95315e-08
8200.28       8764.64       -8.85392e-08
8200.28       8767.63       -8.85931e-08
8200.28       8770.61       -8.72578e-08
8200.28       8773.6       -8.67434e-08
8200.28       8776.59       -8.64167e-08
8200.28       8779.57       -8.49755e-08
8200.28       8782.56       -8.48657e-08
8200.28       8785.54       -8.40109e-08
8200.28       8788.53       -8.28777e-08
8200.28       8791.52       -8.28992e-08
8200.28       8794.5       -8.16475e-08
8200.28       8797.49       -8.10787e-08
8200.28       8800.47       -8.0907e-08
8200.28       8803.46       -7.95932e-08
8200.28       8806.45       -7.95467e-08
8200.28       8809.43       -7.89377e-08
8200.28       8812.42       -7.78649e-08
8200.28       8815.4       -7.7939e-08
8200.28       8818.39       -7.67428e-08
8200.28       8821.38       -7.59328e-08
8200.28       8824.36       -7.55505e-08
8200.28       8827.35       -7.38887e-08
8200.28       8830.33       -7.33396e-08
8200.28       8833.32       -7.24219e-08
8200.28       8836.31       -7.09845e-08
8200.28       8839.29       -7.08756e-08
8200.28       8842.28       -6.9817e-08
8200.28       8845.26       -6.92048e-08
8200.28       8848.25       -6.9389e-08
8200.28       8851.24       -6.8475e-08
8200.28       8854.22       -6.86841e-08
8200.28       8857.21       -6.87491e-08
8200.28       8860.2       -6.81403e-08
8200.28       8863.18       -6.87723e-08
8200.28       8866.17       -6.84482e-08
8200.28       8869.15       -6.8247e-08
8200.28       8872.14       -6.88033e-08
8200.28       8875.13       -6.81222e-08
8200.28       8878.11       -6.83002e-08
8200.28       8881.1       -6.83855e-08
8200.28       8884.08       -6.75944e-08
8200.28       8887.07       -6.7943e-08
8200.28       8890.06       -6.7408e-08
8200.28       8893.04       -6.67841e-08
8200.28       8896.03       -6.69834e-08
8200.28       8899.01       -6.59575e-08
8200.28       8902       -6.56467e-08
8200.28       8904.99       -6.54108e-08
8200.28       8907.97       -6.42241e-08
8200.28       8910.96       -6.41609e-08
8200.28       8913.94       -6.33862e-08
8200.28       8916.93       -6.24019e-08
8200.28       8919.92       -6.23577e-08
8200.28       8922.9       -6.11885e-08
8200.28       8925.89       -6.06371e-08
8200.28       8928.87       -6.03652e-08
8200.28       8931.86       -5.91304e-08
8200.28       8934.85       -5.90147e-08
8200.28       8937.83       -5.83894e-08
8200.28       8940.82       -5.74609e-08
8200.28       8943.8       -5.75792e-08
8200.28       8946.79       -5.66828e-08
8200.28       8949.78       -5.62975e-08
8200.28       8952.76       -5.63665e-08
8200.28       8955.75       -5.5456e-08
8200.28       8958.73       -5.561e-08
8200.28       8961.72       -5.54184e-08
8200.28       8964.71       -5.4796e-08
8200.28       8967.69       -5.52525e-08
8200.28       8970.68       -5.47659e-08
8200.28       8973.66       -5.46184e-08
8200.28       8976.65       -5.50209e-08
8200.28       8979.64       -5.43794e-08
8200.28       8982.62       -5.46631e-08
8200.28       8985.61       -5.46951e-08
8200.28       8988.6       -5.41128e-08
8200.28       8991.58       -5.45528e-08
8200.28       8994.57       -5.4072e-08
8200.28       8997.55       -5.37044e-08
8200.28       9000.54       -5.3927e-08
8200.28       9003.53       -5.30406e-08
8200.28       9006.51       -5.29346e-08
8200.28       9009.5       -5.27117e-08
8200.28       9012.48       -5.17915e-08
8200.28       9015.47       -5.19476e-08
8200.28       9018.46       -5.13864e-08
8200.28       9021.44       -5.0911e-08
8200.28       9024.43       -5.12473e-08
8200.28       9027.41       -5.06013e-08
8200.28       9030.4       -5.07e-08
8200.28       9033.39       -5.08589e-08
8200.28       9036.37       -5.02176e-08
8200.28       9039.36       -5.05674e-08
8200.28       9042.34       -5.02227e-08
8200.28       9045.33       -4.97077e-08
8200.28       9048.32       -4.99653e-08
8200.28       9051.3       -4.91758e-08
8200.28       9054.29       -4.89412e-08
8200.28       9057.27       -4.88731e-08
8200.28       9060.26       -4.79379e-08
8200.28       9063.25       -4.79783e-08
8200.28       9066.23       -4.74907e-08
8200.28       9069.22       -4.67469e-08
8200.28       9072.2       -4.68867e-08
8200.28       9075.19       -4.60768e-08
8200.28       9078.18       -4.57417e-08
8200.28       9081.16       -4.57466e-08
8200.28       9084.15       -4.48739e-08
8200.28       9087.13       -4.49562e-08
8200.28       9090.12       -4.46738e-08
8200.28       9093.11       -4.4039e-08
8200.28       9096.09       -4.43528e-08
8200.28       9099.08       -4.38011e-08
8200.28       9102.06       -4.36036e-08
8200.28       9105.05       -4.38722e-08
8200.28       9108.04       -4.32324e-08
8200.28       9111.02       -4.34715e-08
8200.28       9114.01       -4.34705e-08
8200.28       9116.99       -4.29906e-08
8200.28       9119.98       -4.34641e-08
8200.28       9122.97       -4.31285e-08
8200.28       9125.95       -4.29871e-08
8200.28       9128.94       -4.33891e-08
8200.28       9131.93       -4.28376e-08
8200.28       9134.91       -4.30479e-08
8200.28       9137.9       -4.31209e-08
8200.28       9140.88       -4.25866e-08
8200.28       9143.87       -4.29857e-08
8200.28       9146.86       -4.26459e-08
8200.28       9149.84       -4.23512e-08
8200.28       9152.83       -4.2682e-08
8200.28       9155.81       -4.20582e-08
8200.28       9158.8       -4.21014e-08
8200.28       9161.79       -4.21463e-08
8200.28       9164.77       -4.1511e-08
8200.28       9167.76       -4.18096e-08
8200.28       9170.74       -4.1476e-08
8200.28       9173.73       -4.10561e-08
8200.28       9176.72       -4.13325e-08
8200.28       9179.7       -4.06631e-08
8200.28       9182.69       -4.05409e-08
8200.28       9185.67       -4.05321e-08
8200.28       9188.66       -3.97573e-08
8200.28       9191.65       -3.98777e-08
8200.28       9194.63       -3.94773e-08
8200.28       9197.62       -3.8879e-08
8200.28       9200.6       -3.90604e-08
8200.28       9203.59       -3.83588e-08
8200.28       9206.58       -3.81226e-08
8200.28       9209.56       -3.81511e-08
8200.28       9212.55       -3.73924e-08
8200.28       9215.53       -3.75168e-08
8200.28       9218.52       -3.72666e-08
8200.28       9221.51       -3.67295e-08
8200.28       9224.49       -3.70426e-08
8200.28       9227.48       -3.65447e-08
8200.28       9230.46       -3.64085e-08
8200.28       9233.45       -3.66601e-08
8200.28       9236.44       -3.60932e-08
8200.28       9239.42       -3.63495e-08
8200.28       9242.41       -3.63464e-08
8200.28       9245.39       -3.59392e-08
8200.28       9248.38       -3.63986e-08
8200.28       9251.37       -3.60948e-08
8200.28       9254.35       -3.60108e-08
8200.28       9257.34       -3.63947e-08
8200.28       9260.33       -3.59102e-08
8200.28       9263.31       -3.61511e-08
8200.28       9266.3       -3.62263e-08
8200.28       9269.28       -3.57724e-08
8200.28       9272.27       -3.61712e-08
8200.28       9275.26       -3.58592e-08
8200.28       9278.24       -3.56219e-08
8200.28       9281.23       -3.59239e-08
8200.28       9284.21       -3.53377e-08
8200.28       9287.2       -3.53855e-08
8200.28       9290.19       -3.53894e-08
8200.28       9293.17       -3.47918e-08
8200.28       9296.16       -3.50692e-08
8200.28       9299.14       -3.47632e-08
8200.28       9302.13       -3.44606e-08
8200.28       9305.12       -3.4827e-08
8200.28       9308.1       -3.43594e-08
8200.28       9311.09       -3.44581e-08
8200.28       9314.07       -3.46319e-08
8200.28       9317.06       -3.41066e-08
8200.28       9320.05       -3.43876e-08
8200.28       9323.03       -3.41154e-08
8200.28       9326.02       -3.36555e-08
8200.28       9329       -3.38586e-08
8200.28       9331.99       -3.32004e-08
8200.28       9334.98       -3.29795e-08
8200.28       9337.96       -3.29503e-08
8200.28       9340.95       -3.21957e-08
8200.28       9343.93       -3.22668e-08
8200.28       9346.92       -3.19546e-08
8200.28       9349.91       -3.14134e-08
8200.28       9352.89       -3.16519e-08
8200.28       9355.88       -3.1129e-08
8200.28       9358.86       -3.09852e-08
8200.28       9361.85       -3.11774e-08
8200.28       9364.84       -3.06291e-08
8200.28       9367.82       -3.08742e-08
8200.28       9370.81       -3.08523e-08
8200.28       9373.79       -3.04961e-08
8200.28       9376.78       -3.09465e-08
8200.28       9379.77       -3.06764e-08
8200.28       9382.75       -3.06554e-08
8200.28       9385.74       -3.10481e-08
8200.28       9388.73       -3.06469e-08
8200.28       9391.71       -3.09513e-08
8200.28       9394.7       -3.10725e-08
8200.28       9397.68       -3.07374e-08
8200.28       9400.67       -3.1198e-08
8200.28       9403.66       -3.09788e-08
8200.28       9406.64       -3.0869e-08
8200.28       9409.63       -3.12366e-08
8200.28       9412.61       -3.07749e-08
8200.28       9415.6       -3.09244e-08
8200.28       9418.59       -3.09849e-08
8200.28       9421.57       -3.04889e-08
8200.28       9424.56       -3.07826e-08
8200.28       9427.54       -3.0465e-08
8200.28       9430.53       -3.01403e-08
8200.28       9433.52       -3.03715e-08
8200.28       9436.5       -2.97808e-08
8200.28       9439.49       -2.97259e-08
8200.28       9442.47       -2.97054e-08
8200.28       9445.46       -2.90709e-08
8200.28       9448.45       -2.92333e-08
8200.28       9451.43       -2.88928e-08
8200.28       9454.42       -2.84582e-08
8200.28       9457.4       -2.86722e-08
8200.28       9460.39       -2.81104e-08
8200.28       9463.38       -2.8023e-08
8200.28       9466.36       -2.8109e-08
8200.28       9469.35       -2.75531e-08
8200.28       9472.33       -2.77994e-08
8200.28       9475.32       -2.76676e-08
8200.28       9478.31       -2.73627e-08
8200.28       9481.29       -2.77802e-08
8200.28       9484.28       -2.74687e-08
8200.28       9487.26       -2.75367e-08
8200.28       9490.25       -2.78714e-08
8200.28       9493.24       -2.74916e-08
8200.28       9496.22       -2.78313e-08
8200.28       9499.21       -2.78351e-08
8200.28       9502.19       -2.74972e-08
8200.28       9505.18       -2.78514e-08
8200.28       9508.17       -2.74621e-08
8200.28       9511.15       -2.73074e-08
8200.28       9514.14       -2.74973e-08
8200.28       9517.13       -2.69467e-08
8200.28       9520.11       -2.70912e-08
8200.28       9523.1       -2.70479e-08
8200.28       9526.08       -2.66226e-08
8200.28       9529.07       -2.69655e-08
8200.28       9532.06       -2.66685e-08
8200.28       9535.04       -2.65274e-08
8200.28       9538.03       -2.6831e-08
8200.28       9541.01       -2.63732e-08
8200.28       9544       -2.65323e-08
8200.28       9546.99       -2.65899e-08
8200.28       9549.97       -2.61637e-08
8200.28       9552.96       -2.64954e-08
8200.28       9555.94       -2.62392e-08
8200.28       9558.93       -2.60208e-08
8200.28       9561.92       -2.63149e-08
8200.28       9564.9       -2.58375e-08
8200.28       9567.89       -2.58977e-08
8200.28       9570.87       -2.59606e-08
8200.28       9573.86       -2.54644e-08
8200.28       9576.85       -2.5725e-08
8200.28       9579.83       -2.54798e-08
8200.28       9582.82       -2.51719e-08
8200.28       9585.8       -2.545e-08
8200.28       9588.79       -2.49754e-08
8200.28       9591.78       -2.49636e-08
8200.28       9594.76       -2.50678e-08
8200.28       9597.75       -2.45613e-08
8200.28       9600.73       -2.48038e-08
8200.28       9603.72       -2.46379e-08
8200.28       9606.71       -2.43177e-08
8200.28       9609.69       -2.46488e-08
8200.28       9612.68       -2.42618e-08
8200.28       9615.66       -2.42545e-08
8200.28       9618.65       -2.44693e-08
8200.28       9621.64       -2.40277e-08
8200.28       9624.62       -2.43029e-08
8200.28       9627.61       -2.42608e-08
8200.28       9630.59       -2.39608e-08
8200.28       9633.58       -2.43455e-08
8200.28       9636.57       -2.4039e-08
8200.28       9639.55       -2.40022e-08
8200.28       9642.54       -2.42658e-08
8200.28       9645.53       -2.38203e-08
8200.28       9648.51       -2.40313e-08
8200.28       9651.5       -2.40114e-08
8200.28       9654.48       -2.36375e-08
8200.28       9657.47       -2.39765e-08
8200.28       9660.46       -2.36778e-08
8200.28       9663.44       -2.35547e-08
8200.28       9666.43       -2.38262e-08
8200.28       9669.41       -2.33749e-08
8200.28       9672.4       -2.35309e-08
8200.28       9675.39       -2.35596e-08
8200.28       9678.37       -2.31503e-08
8200.28       9681.36       -2.34649e-08
8200.28       9684.34       -2.31983e-08
8203.27       8194.31       3.71896e-06
8203.27       8197.29       4.20274e-06
8203.27       8200.28       4.8517e-06
8203.27       8203.27       5.23043e-06
8203.27       8206.25       4.8628e-06
8203.27       8209.24       4.22196e-06
8203.27       8212.22       3.74452e-06
8203.27       8215.21       3.29547e-06
8203.27       8218.2       2.89249e-06
8203.27       8221.18       2.57439e-06
8203.27       8224.17       2.26319e-06
8203.27       8227.15       2.00446e-06
8203.27       8230.14       1.78183e-06
8203.27       8233.13       1.56528e-06
8203.27       8236.11       1.3923e-06
8203.27       8239.1       1.22887e-06
8203.27       8242.08       1.07807e-06
8203.27       8245.07       9.56711e-07
8203.27       8248.06       8.33773e-07
8203.27       8251.04       7.29272e-07
8203.27       8254.03       6.3926e-07
8203.27       8257.01       5.47023e-07
8203.27       8260       4.74347e-07
8203.27       8262.99       4.0426e-07
8203.27       8265.97       3.36799e-07
8203.27       8268.96       2.84817e-07
8203.27       8271.94       2.2905e-07
8203.27       8274.93       1.81482e-07
8203.27       8277.92       1.42109e-07
8203.27       8280.9       9.83844e-08
8203.27       8283.89       6.57453e-08
8203.27       8286.87       3.39254e-08
8203.27       8289.86       1.25441e-09
8203.27       8292.85       -2.14324e-08
8203.27       8295.83       -4.80266e-08
8203.27       8298.82       -7.07646e-08
8203.27       8301.8       -8.77645e-08
8203.27       8304.79       -1.09485e-07
8203.27       8307.78       -1.24114e-07
8203.27       8310.76       -1.38199e-07
8203.27       8313.75       -1.54457e-07
8203.27       8316.73       -1.63356e-07
8203.27       8319.72       -1.75552e-07
8203.27       8322.71       -1.86002e-07
8203.27       8325.69       -1.91833e-07
8203.27       8328.68       -2.02345e-07
8203.27       8331.67       -2.08524e-07
8203.27       8334.65       -2.15009e-07
8203.27       8337.64       -2.25834e-07
8203.27       8340.62       -2.33096e-07
8203.27       8343.61       -2.45628e-07
8203.27       8346.6       -2.60295e-07
8203.27       8349.58       -2.73082e-07
8203.27       8352.57       -2.9138e-07
8203.27       8355.55       -3.06829e-07
8203.27       8358.54       -3.21063e-07
8203.27       8361.53       -3.3734e-07
8203.27       8364.51       -3.47587e-07
8203.27       8367.5       -3.58351e-07
8203.27       8370.48       -3.67844e-07
8203.27       8373.47       -3.721e-07
8203.27       8376.46       -3.7857e-07
8203.27       8379.44       -3.81429e-07
8203.27       8382.43       -3.82052e-07
8203.27       8385.41       -3.84837e-07
8203.27       8388.4       -3.83028e-07
8203.27       8391.39       -3.82141e-07
8203.27       8394.37       -3.81645e-07
8203.27       8397.36       -3.77317e-07
8203.27       8400.34       -3.75809e-07
8203.27       8403.33       -3.72416e-07
8203.27       8406.32       -3.6738e-07
8203.27       8409.3       -3.65172e-07
8203.27       8412.29       -3.59622e-07
8203.27       8415.27       -3.55014e-07
8203.27       8418.26       -3.51638e-07
8203.27       8421.25       -3.45063e-07
8203.27       8424.23       -3.41213e-07
8203.27       8427.22       -3.36389e-07
8203.27       8430.2       -3.29991e-07
8203.27       8433.19       -3.26542e-07
8203.27       8436.18       -3.20497e-07
8203.27       8439.16       -3.15123e-07
8203.27       8442.15       -3.1141e-07
8203.27       8445.13       -3.04859e-07
8203.27       8448.12       -3.00731e-07
8203.27       8451.11       -2.9623e-07
8203.27       8454.09       -2.9008e-07
8203.27       8457.08       -2.86789e-07
8203.27       8460.06       -2.81418e-07
8203.27       8463.05       -2.76349e-07
8203.27       8466.04       -2.73141e-07
8203.27       8469.02       -2.6731e-07
8203.27       8472.01       -2.63488e-07
8203.27       8475       -2.59687e-07
8203.27       8477.98       -2.54095e-07
8203.27       8480.97       -2.51151e-07
8203.27       8483.95       -2.46521e-07
8203.27       8486.94       -2.41819e-07
8203.27       8489.93       -2.39085e-07
8203.27       8492.91       -2.33944e-07
8203.27       8495.9       -2.30447e-07
8203.27       8498.88       -2.27355e-07
8203.27       8501.87       -2.22455e-07
8203.27       8504.86       -2.20087e-07
8203.27       8507.84       -2.16539e-07
8203.27       8510.83       -2.12768e-07
8203.27       8513.81       -2.11223e-07
8203.27       8516.8       -2.07709e-07
8203.27       8519.79       -2.05706e-07
8203.27       8522.77       -2.04612e-07
8203.27       8525.76       -2.01838e-07
8203.27       8528.74       -2.01455e-07
8203.27       8531.73       -2.0019e-07
8203.27       8534.72       -1.98213e-07
8203.27       8537.7       -1.98061e-07
8203.27       8540.69       -1.95562e-07
8203.27       8543.67       -1.93503e-07
8203.27       8546.66       -1.91829e-07
8203.27       8549.65       -1.87779e-07
8203.27       8552.63       -1.85372e-07
8203.27       8555.62       -1.82127e-07
8203.27       8558.6       -1.77929e-07
8203.27       8561.59       -1.75776e-07
8203.27       8564.58       -1.71948e-07
8203.27       8567.56       -1.68817e-07
8203.27       8570.55       -1.66883e-07
8203.27       8573.53       -1.63161e-07
8203.27       8576.52       -1.61287e-07
8203.27       8579.51       -1.59176e-07
8203.27       8582.49       -1.56096e-07
8203.27       8585.48       -1.55086e-07
8203.27       8588.46       -1.52642e-07
8203.27       8591.45       -1.50571e-07
8203.27       8594.44       -1.49801e-07
8203.27       8597.42       -1.47232e-07
8203.27       8600.41       -1.46192e-07
8203.27       8603.4       -1.45109e-07
8203.27       8606.38       -1.4283e-07
8203.27       8609.37       -1.42462e-07
8203.27       8612.35       -1.40817e-07
8203.27       8615.34       -1.39193e-07
8203.27       8618.33       -1.38913e-07
8203.27       8621.31       -1.36837e-07
8203.27       8624.3       -1.35968e-07
8203.27       8627.28       -1.35236e-07
8203.27       8630.27       -1.33132e-07
8203.27       8633.26       -1.32786e-07
8203.27       8636.24       -1.31355e-07
8203.27       8639.23       -1.29668e-07
8203.27       8642.21       -1.29388e-07
8203.27       8645.2       -1.27401e-07
8203.27       8648.19       -1.2637e-07
8203.27       8651.17       -1.25701e-07
8203.27       8654.16       -1.23589e-07
8203.27       8657.14       -1.23124e-07
8203.27       8660.13       -1.21825e-07
8203.27       8663.12       -1.20069e-07
8203.27       8666.1       -1.1979e-07
8203.27       8669.09       -1.17937e-07
8203.27       8672.07       -1.16802e-07
8203.27       8675.06       -1.16218e-07
8203.27       8678.05       -1.14124e-07
8203.27       8681.03       -1.13505e-07
8203.27       8684.02       -1.12238e-07
8203.27       8687       -1.10271e-07
8203.27       8689.99       -1.09772e-07
8203.27       8692.98       -1.07842e-07
8203.27       8695.96       -1.06428e-07
8203.27       8698.95       -1.05797e-07
8203.27       8701.93       -1.03721e-07
8203.27       8704.92       -1.0307e-07
8203.27       8707.91       -1.02116e-07
8203.27       8710.89       -1.00426e-07
8203.27       8713.88       -1.00319e-07
8203.27       8716.86       -9.9015e-08
8203.27       8719.85       -9.8051e-08
8203.27       8722.84       -9.80374e-08
8203.27       8725.82       -9.65851e-08
8203.27       8728.81       -9.63679e-08
8203.27       8731.8       -9.60262e-08
8203.27       8734.78       -9.47606e-08
8203.27       8737.77       -9.49946e-08
8203.27       8740.75       -9.41379e-08
8203.27       8743.74       -9.33446e-08
8203.27       8746.73       -9.35588e-08
8203.27       8749.71       -9.23079e-08
8203.27       8752.7       -9.20549e-08
8203.27       8755.68       -9.18264e-08
8203.27       8758.67       -9.05143e-08
8203.27       8761.66       -9.06085e-08
8203.27       8764.64       -8.97548e-08
8203.27       8767.63       -8.874e-08
8203.27       8770.61       -8.8811e-08
8203.27       8773.6       -8.74666e-08
8203.27       8776.59       -8.69397e-08
8203.27       8779.57       -8.66315e-08
8203.27       8782.56       -8.51692e-08
8203.27       8785.54       -8.50626e-08
8203.27       8788.53       -8.4217e-08
8203.27       8791.52       -8.30606e-08
8203.27       8794.5       -8.3098e-08
8203.27       8797.49       -8.18404e-08
8203.27       8800.47       -8.12573e-08
8203.27       8803.46       -8.11049e-08
8203.27       8806.45       -7.97724e-08
8203.27       8809.43       -7.97265e-08
8203.27       8812.42       -7.91294e-08
8203.27       8815.4       -7.80338e-08
8203.27       8818.39       -7.81219e-08
8203.27       8821.38       -7.69229e-08
8203.27       8824.36       -7.60961e-08
8203.27       8827.35       -7.57326e-08
8203.27       8830.33       -7.40536e-08
8203.27       8833.32       -7.35011e-08
8203.27       8836.31       -7.25967e-08
8203.27       8839.29       -7.11361e-08
8203.27       8842.28       -7.10388e-08
8203.27       8845.26       -6.99808e-08
8203.27       8848.25       -6.93512e-08
8203.27       8851.24       -6.95556e-08
8203.27       8854.22       -6.86291e-08
8203.27       8857.21       -6.88349e-08
8203.27       8860.2       -6.89175e-08
8203.27       8863.18       -6.82888e-08
8203.27       8866.17       -6.89324e-08
8203.27       8869.15       -6.86137e-08
8203.27       8872.14       -6.83948e-08
8203.27       8875.13       -6.8971e-08
8203.27       8878.11       -6.82798e-08
8203.27       8881.1       -6.84504e-08
8203.27       8884.08       -6.85557e-08
8203.27       8887.07       -6.77431e-08
8203.27       8890.06       -6.80999e-08
8203.27       8893.04       -6.75721e-08
8203.27       8896.03       -6.69292e-08
8203.27       8899.01       -6.71466e-08
8203.27       8902       -6.61129e-08
8203.27       8904.99       -6.57919e-08
8203.27       8907.97       -6.55735e-08
8203.27       8910.96       -6.43661e-08
8203.27       8913.94       -6.4306e-08
8203.27       8916.93       -6.35385e-08
8203.27       8919.92       -6.25307e-08
8203.27       8922.9       -6.25048e-08
8203.27       8925.89       -6.13276e-08
8203.27       8928.87       -6.07639e-08
8203.27       8931.86       -6.05106e-08
8203.27       8934.85       -5.92583e-08
8203.27       8937.83       -5.91447e-08
8203.27       8940.82       -5.85304e-08
8203.27       8943.8       -5.7581e-08
8203.27       8946.79       -5.77136e-08
8203.27       8949.78       -5.68143e-08
8203.27       8952.76       -5.64146e-08
8203.27       8955.75       -5.65021e-08
8203.27       8958.73       -5.5576e-08
8203.27       8961.72       -5.57292e-08
8203.27       8964.71       -5.55507e-08
8203.27       8967.69       -5.49078e-08
8203.27       8970.68       -5.5377e-08
8203.27       8973.66       -5.48908e-08
8203.27       8976.65       -5.47281e-08
8203.27       8979.64       -5.51498e-08
8203.27       8982.62       -5.44958e-08
8203.27       8985.61       -5.4777e-08
8203.27       8988.6       -5.48246e-08
8203.27       8991.58       -5.42228e-08
8203.27       8994.57       -5.46739e-08
8203.27       8997.55       -5.41966e-08
8203.27       9000.54       -5.38125e-08
8203.27       9003.53       -5.40535e-08
8203.27       9006.51       -5.31567e-08
8203.27       9009.5       -5.30451e-08
8203.27       9012.48       -5.28383e-08
8203.27       9015.47       -5.18991e-08
8203.27       9018.46       -5.20631e-08
8203.27       9021.44       -5.15075e-08
8203.27       9024.43       -5.10143e-08
8203.27       9027.41       -5.1368e-08
8203.27       9030.4       -5.07143e-08
8203.27       9033.39       -5.08056e-08
8203.27       9036.37       -5.09822e-08
8203.27       9039.36       -5.03239e-08
8203.27       9042.34       -5.06798e-08
8203.27       9045.33       -5.03437e-08
8203.27       9048.32       -4.98096e-08
8203.27       9051.3       -5.00841e-08
8203.27       9054.29       -4.92891e-08
8203.27       9057.27       -4.9044e-08
8203.27       9060.26       -4.89934e-08
8203.27       9063.25       -4.80417e-08
8203.27       9066.23       -4.80848e-08
8203.27       9069.22       -4.7607e-08
8203.27       9072.2       -4.68439e-08
8203.27       9075.19       -4.69965e-08
8203.27       9078.18       -4.61841e-08
8203.27       9081.16       -4.58359e-08
8203.27       9084.15       -4.58577e-08
8203.27       9087.13       -4.49697e-08
8203.27       9090.12       -4.50517e-08
8203.27       9093.11       -4.47807e-08
8203.27       9096.09       -4.41268e-08
8203.27       9099.08       -4.44532e-08
8203.27       9102.06       -4.39019e-08
8203.27       9105.05       -4.3692e-08
8203.27       9108.04       -4.39799e-08
8203.27       9111.02       -4.33299e-08
8203.27       9114.01       -4.35691e-08
8203.27       9116.99       -4.35834e-08
8203.27       9119.98       -4.30865e-08
8203.27       9122.97       -4.35713e-08
8203.27       9125.95       -4.32384e-08
8203.27       9128.94       -4.30821e-08
8203.27       9131.93       -4.3501e-08
8203.27       9134.91       -4.29388e-08
8203.27       9137.9       -4.31445e-08
8203.27       9140.88       -4.32316e-08
8203.27       9143.87       -4.2679e-08
8203.27       9146.86       -4.30856e-08
8203.27       9149.84       -4.27492e-08
8203.27       9152.83       -4.24375e-08
8203.27       9155.81       -4.27834e-08
8203.27       9158.8       -4.21502e-08
8203.27       9161.79       -4.21853e-08
8203.27       9164.77       -4.22444e-08
8203.27       9167.76       -4.15912e-08
8203.27       9170.74       -4.18947e-08
8203.27       9173.73       -4.15673e-08
8203.27       9176.72       -4.11305e-08
8203.27       9179.7       -4.14222e-08
8203.27       9182.69       -4.07478e-08
8203.27       9185.67       -4.06177e-08
8203.27       9188.66       -4.06257e-08
8203.27       9191.65       -3.98362e-08
8203.27       9194.63       -3.99606e-08
8203.27       9197.62       -3.9569e-08
8203.27       9200.6       -3.89537e-08
8203.27       9203.59       -3.91483e-08
8203.27       9206.58       -3.84444e-08
8203.27       9209.56       -3.8196e-08
8203.27       9212.55       -3.82412e-08
8203.27       9215.53       -3.74685e-08
8203.27       9218.52       -3.7594e-08
8203.27       9221.51       -3.7354e-08
8203.27       9224.49       -3.67998e-08
8203.27       9227.48       -3.71249e-08
8203.27       9230.46       -3.66262e-08
8203.27       9233.45       -3.64768e-08
8203.27       9236.44       -3.6747e-08
8203.27       9239.42       -3.61671e-08
8203.27       9242.41       -3.64228e-08
8203.27       9245.39       -3.64318e-08
8203.27       9248.38       -3.60084e-08
8203.27       9251.37       -3.64785e-08
8203.27       9254.35       -3.61767e-08
8203.27       9257.34       -3.60799e-08
8203.27       9260.33       -3.64798e-08
8203.27       9263.31       -3.59856e-08
8203.27       9266.3       -3.62236e-08
8203.27       9269.28       -3.63117e-08
8203.27       9272.27       -3.58417e-08
8203.27       9275.26       -3.62486e-08
8203.27       9278.24       -3.594e-08
8203.27       9281.23       -3.56884e-08
8203.27       9284.21       -3.60053e-08
8203.27       9287.2       -3.54112e-08
8203.27       9290.19       -3.54537e-08
8203.27       9293.17       -3.54715e-08
8203.27       9296.16       -3.48586e-08
8203.27       9299.14       -3.51423e-08
8203.27       9302.13       -3.4842e-08
8203.27       9305.12       -3.4525e-08
8203.27       9308.1       -3.49056e-08
8203.27       9311.09       -3.44329e-08
8203.27       9314.07       -3.45251e-08
8203.27       9317.06       -3.47139e-08
8203.27       9320.05       -3.41749e-08
8203.27       9323.03       -3.44602e-08
8203.27       9326.02       -3.41954e-08
8203.27       9329       -3.37201e-08
8203.27       9331.99       -3.39356e-08
8203.27       9334.98       -3.32733e-08
8203.27       9337.96       -3.30429e-08
8203.27       9340.95       -3.30276e-08
8203.27       9343.93       -3.22597e-08
8203.27       9346.92       -3.23321e-08
8203.27       9349.91       -3.20285e-08
8203.27       9352.89       -3.14719e-08
8203.27       9355.88       -3.17216e-08
8203.27       9358.86       -3.11977e-08
8203.27       9361.85       -3.10433e-08
8203.27       9364.84       -3.12514e-08
8203.27       9367.82       -3.06923e-08
8203.27       9370.81       -3.09373e-08
8203.27       9373.79       -3.09249e-08
8203.27       9376.78       -3.05535e-08
8203.27       9379.77       -3.10127e-08
8203.27       9382.75       -3.07427e-08
8203.27       9385.74       -3.07105e-08
8203.27       9388.73       -3.11178e-08
8203.27       9391.71       -3.07085e-08
8203.27       9394.7       -3.10119e-08
8203.27       9397.68       -3.11461e-08
8203.27       9400.67       -3.07957e-08
8203.27       9403.66       -3.12659e-08
8203.27       9406.64       -3.10489e-08
8203.27       9409.63       -3.09264e-08
8203.27       9412.61       -3.13069e-08
8203.27       9415.6       -3.0837e-08
8203.27       9418.59       -3.09819e-08
8203.27       9421.57       -3.10539e-08
8203.27       9424.56       -3.05439e-08
8203.27       9427.54       -3.08435e-08
8203.27       9430.53       -3.05303e-08
8203.27       9433.52       -3.0193e-08
8203.27       9436.5       -3.04373e-08
8203.27       9439.49       -2.98412e-08
8203.27       9442.47       -2.97811e-08
8203.27       9445.46       -2.97735e-08
8203.27       9448.45       -2.91267e-08
8203.27       9451.43       -2.92934e-08
8203.27       9454.42       -2.89588e-08
8203.27       9457.4       -2.85117e-08
8203.27       9460.39       -2.8737e-08
8203.27       9463.38       -2.81717e-08
8203.27       9466.36       -2.8077e-08
8203.27       9469.35       -2.81758e-08
8203.27       9472.33       -2.76084e-08
8203.27       9475.32       -2.78571e-08
8203.27       9478.31       -2.77326e-08
8203.27       9481.29       -2.74145e-08
8203.27       9484.28       -2.78423e-08
8203.27       9487.26       -2.7529e-08
8203.27       9490.25       -2.75888e-08
8203.27       9493.24       -2.79363e-08
8203.27       9496.22       -2.75465e-08
8203.27       9499.21       -2.78868e-08
8203.27       9502.19       -2.7899e-08
8203.27       9505.18       -2.75481e-08
8203.27       9508.17       -2.79109e-08
8203.27       9511.15       -2.75212e-08
8203.27       9514.14       -2.73566e-08
8203.27       9517.13       -2.75581e-08
8203.27       9520.11       -2.69982e-08
8203.27       9523.1       -2.71407e-08
8203.27       9526.08       -2.71061e-08
8203.27       9529.07       -2.66673e-08
8203.27       9532.06       -2.70186e-08
8203.27       9535.04       -2.67213e-08
8203.27       9538.03       -2.65702e-08
8203.27       9541.01       -2.68853e-08
8203.27       9544       -2.64207e-08
8203.27       9546.99       -2.65762e-08
8203.27       9549.97       -2.66459e-08
8203.27       9552.96       -2.62063e-08
8203.27       9555.94       -2.65446e-08
8203.27       9558.93       -2.62921e-08
8203.27       9561.92       -2.60638e-08
8203.27       9564.9       -2.63696e-08
8203.27       9567.89       -2.58877e-08
8203.27       9570.87       -2.59444e-08
8203.27       9573.86       -2.60185e-08
8203.27       9576.85       -2.55117e-08
8203.27       9579.83       -2.57766e-08
8203.27       9582.82       -2.55353e-08
8203.27       9585.8       -2.52155e-08
8203.27       9588.79       -2.55022e-08
8203.27       9591.78       -2.50224e-08
8203.27       9594.76       -2.50036e-08
8203.27       9597.75       -2.51173e-08
8203.27       9600.73       -2.46004e-08
8203.27       9603.72       -2.48454e-08
8203.27       9606.71       -2.46857e-08
8203.27       9609.69       -2.43555e-08
8203.27       9612.68       -2.46966e-08
8203.27       9615.66       -2.43086e-08
8203.27       9618.65       -2.42961e-08
8203.27       9621.64       -2.45226e-08
8203.27       9624.62       -2.40732e-08
8203.27       9627.61       -2.43508e-08
8203.27       9630.59       -2.43164e-08
8203.27       9633.58       -2.40068e-08
8203.27       9636.57       -2.44004e-08
8203.27       9639.55       -2.40945e-08
8203.27       9642.54       -2.40514e-08
8203.27       9645.53       -2.43262e-08
8203.27       9648.51       -2.38741e-08
8203.27       9651.5       -2.40849e-08
8203.27       9654.48       -2.4072e-08
8203.27       9657.47       -2.36868e-08
8203.27       9660.46       -2.40305e-08
8203.27       9663.44       -2.37308e-08
8203.27       9666.43       -2.35975e-08
8203.27       9669.41       -2.38768e-08
8203.27       9672.4       -2.34179e-08
8203.27       9675.39       -2.35704e-08
8203.27       9678.37       -2.36063e-08
8203.27       9681.36       -2.31867e-08
8203.27       9684.34       -2.35058e-08
8206.25       8194.31       3.273e-06
8206.25       8197.29       3.72745e-06
8206.25       8200.28       4.21234e-06
8206.25       8203.27       4.8628e-06
8206.25       8206.25       5.24237e-06
8206.25       8209.24       4.87391e-06
8206.25       8212.22       4.23161e-06
8206.25       8215.21       3.75306e-06
8206.25       8218.2       3.303e-06
8206.25       8221.18       2.89908e-06
8206.25       8224.17       2.58025e-06
8206.25       8227.15       2.26836e-06
8206.25       8230.14       2.00902e-06
8206.25       8233.13       1.78588e-06
8206.25       8236.11       1.56885e-06
8206.25       8239.1       1.39545e-06
8206.25       8242.08       1.23166e-06
8206.25       8245.07       1.08051e-06
8206.25       8248.06       9.58864e-07
8206.25       8251.04       8.35668e-07
8206.25       8254.03       7.3091e-07
8206.25       8257.01       6.40694e-07
8206.25       8260       5.48262e-07
8206.25       8262.99       4.75396e-07
8206.25       8265.97       4.05166e-07
8206.25       8268.96       3.3755e-07
8206.25       8271.94       2.85434e-07
8206.25       8274.93       2.29562e-07
8206.25       8277.92       1.81871e-07
8206.25       8280.9       1.42406e-07
8206.25       8283.89       9.85993e-08
8206.25       8286.87       6.5862e-08
8206.25       8289.86       3.39841e-08
8206.25       8292.85       1.24123e-09
8206.25       8295.83       -2.15161e-08
8206.25       8298.82       -4.81478e-08
8206.25       8301.8       -7.09511e-08
8206.25       8304.79       -8.79942e-08
8206.25       8307.78       -1.09745e-07
8206.25       8310.76       -1.2443e-07
8206.25       8313.75       -1.38534e-07
8206.25       8316.73       -1.54824e-07
8206.25       8319.72       -1.63763e-07
8206.25       8322.71       -1.75964e-07
8206.25       8325.69       -1.8645e-07
8206.25       8328.68       -1.92301e-07
8206.25       8331.67       -2.02816e-07
8206.25       8334.65       -2.09031e-07
8206.25       8337.64       -2.15522e-07
8206.25       8340.62       -2.26363e-07
8206.25       8343.61       -2.33664e-07
8206.25       8346.6       -2.46204e-07
8206.25       8349.58       -2.60912e-07
8206.25       8352.57       -2.73738e-07
8206.25       8355.55       -2.92057e-07
8206.25       8358.54       -3.07562e-07
8206.25       8361.53       -3.21823e-07
8206.25       8364.51       -3.38124e-07
8206.25       8367.5       -3.48418e-07
8206.25       8370.48       -3.59186e-07
8206.25       8373.47       -3.68706e-07
8206.25       8376.46       -3.72985e-07
8206.25       8379.44       -3.79447e-07
8206.25       8382.43       -3.8233e-07
8206.25       8385.41       -3.82951e-07
8206.25       8388.4       -3.85728e-07
8206.25       8391.39       -3.83938e-07
8206.25       8394.37       -3.83031e-07
8206.25       8397.36       -3.82535e-07
8206.25       8400.34       -3.78212e-07
8206.25       8403.33       -3.76678e-07
8206.25       8406.32       -3.73294e-07
8206.25       8409.3       -3.68246e-07
8206.25       8412.29       -3.66016e-07
8206.25       8415.27       -3.60475e-07
8206.25       8418.26       -3.55841e-07
8206.25       8421.25       -3.52455e-07
8206.25       8424.23       -3.45883e-07
8206.25       8427.22       -3.42002e-07
8206.25       8430.2       -3.37183e-07
8206.25       8433.19       -3.30775e-07
8206.25       8436.18       -3.273e-07
8206.25       8439.16       -3.21263e-07
8206.25       8442.15       -3.15865e-07
8206.25       8445.13       -3.12139e-07
8206.25       8448.12       -3.05592e-07
8206.25       8451.11       -3.01431e-07
8206.25       8454.09       -2.96931e-07
8206.25       8457.08       -2.90772e-07
8206.25       8460.06       -2.87453e-07
8206.25       8463.05       -2.82091e-07
8206.25       8466.04       -2.77001e-07
8206.25       8469.02       -2.73777e-07
8206.25       8472.01       -2.67953e-07
8206.25       8475       -2.64103e-07
8206.25       8477.98       -2.60302e-07
8206.25       8480.97       -2.54706e-07
8206.25       8483.95       -2.51734e-07
8206.25       8486.94       -2.47114e-07
8206.25       8489.93       -2.42394e-07
8206.25       8492.91       -2.39644e-07
8206.25       8495.9       -2.34512e-07
8206.25       8498.88       -2.30987e-07
8206.25       8501.87       -2.27893e-07
8206.25       8504.86       -2.22994e-07
8206.25       8507.84       -2.20599e-07
8206.25       8510.83       -2.17061e-07
8206.25       8513.81       -2.13277e-07
8206.25       8516.8       -2.11715e-07
8206.25       8519.79       -2.08214e-07
8206.25       8522.77       -2.06188e-07
8206.25       8525.76       -2.05094e-07
8206.25       8528.74       -2.02327e-07
8206.25       8531.73       -2.01921e-07
8206.25       8534.72