8194.31       8194.31       1.4419e-06
8194.31       8197.29       1.12152e-06
8194.31       8200.28       6.10486e-07
8194.31       8203.27       3.14355e-07
8194.31       8206.25       8.03331e-08
8194.31       8209.24       -9.0672e-08
8194.31       8212.22       -1.70243e-07
8194.31       8215.21       -2.43217e-07
8194.31       8218.2       -2.71086e-07
8194.31       8221.18       -2.72031e-07
8194.31       8224.17       -2.7915e-07
8194.31       8227.15       -2.56696e-07
8194.31       8230.14       -2.37721e-07
8194.31       8233.13       -2.20916e-07
8194.31       8236.11       -1.88242e-07
8194.31       8239.1       -1.6981e-07
8194.31       8242.08       -1.46375e-07
8194.31       8245.07       -1.1943e-07
8194.31       8248.06       -1.05782e-07
8194.31       8251.04       -8.3212e-08
8194.31       8254.03       -6.64105e-08
8194.31       8257.01       -5.62213e-08
8194.31       8260       -3.81747e-08
8194.31       8262.99       -3.0393e-08
8194.31       8265.97       -2.17378e-08
8194.31       8268.96       -9.97369e-09
8194.31       8271.94       -7.90639e-09
8194.31       8274.93       -1.32835e-10
8194.31       8277.92       5.0644e-09
8194.31       8280.9       4.78537e-09
8194.31       8283.89       1.09437e-08
8194.31       8286.87       1.05758e-08
8194.31       8289.86       1.01342e-08
8194.31       8292.85       1.33445e-08
8194.31       8295.83       9.33868e-09
8194.31       8298.82       9.42773e-09
8194.31       8301.8       8.91378e-09
8194.31       8304.79       3.75189e-09
8194.31       8307.78       4.27549e-09
8194.31       8310.76       9.68231e-10
8194.31       8313.75       -2.41242e-09
8194.31       8316.73       -1.00761e-09
8194.31       8319.72       -3.99692e-09
8194.31       8322.71       -2.69461e-09
8194.31       8325.69       5.43171e-10
8194.31       8328.68       6.66046e-10
8194.31       8331.67       6.08482e-09
8194.31       8334.65       8.86348e-09
8194.31       8337.64       9.93934e-09
8194.31       8340.62       1.40287e-08
8194.31       8343.61       1.27663e-08
8194.31       8346.6       1.26616e-08
8194.31       8349.58       1.32846e-08
8194.31       8352.57       9.69868e-09
8194.31       8355.55       9.87554e-09
8194.31       8358.54       8.48623e-09
8194.31       8361.53       5.62487e-09
8194.31       8364.51       6.64893e-09
8194.31       8367.5       4.34358e-09
8194.31       8370.48       3.38766e-09
8194.31       8373.47       4.36138e-09
8194.31       8376.46       1.869e-09
8194.31       8379.44       2.61239e-09
8194.31       8382.43       2.61279e-09
8194.31       8385.41       7.23496e-10
8194.31       8388.4       2.3134e-09
8194.31       8391.39       1.12797e-09
8194.31       8394.37       4.37723e-10
8194.31       8397.36       1.82907e-09
8194.31       8400.34       -6.47004e-11
8194.31       8403.33       5.22083e-10
8194.31       8406.32       9.34307e-10
8194.31       8409.3       -8.23857e-10
8194.31       8412.29       5.54662e-10
8194.31       8415.27       -2.32631e-10
8194.31       8418.26       -1.11103e-09
8194.31       8421.25       2.66118e-10
8194.31       8424.23       -1.3181e-09
8194.31       8427.22       -1.00771e-09
8194.31       8430.2       -3.29256e-10
8194.31       8433.19       -1.91767e-09
8194.31       8436.18       -6.5794e-10
8194.31       8439.16       -9.51103e-10
8194.31       8442.15       -1.76095e-09
8194.31       8445.13       -1.87822e-10
8194.31       8448.12       -1.2034e-09
8194.31       8451.11       -8.3739e-10
8194.31       8454.09       3.40667e-10
8194.31       8457.08       -7.87399e-10
8194.31       8460.06       5.84599e-10
8194.31       8463.05       9.00708e-10
8194.31       8466.04       2.79199e-10
8194.31       8469.02       1.98916e-09
8194.31       8472.01       1.37072e-09
8194.31       8475       1.52364e-09
8194.31       8477.98       2.68944e-09
8194.31       8480.97       1.41578e-09
8194.31       8483.95       2.12433e-09
8194.31       8486.94       2.09086e-09
8194.31       8489.93       6.8227e-10
8194.31       8492.91       1.45042e-09
8194.31       8495.9       2.06291e-10
8194.31       8498.88       -6.85407e-10
8194.31       8501.87       -1.88649e-10
8194.31       8504.86       -1.84805e-09
8194.31       8507.84       -1.60719e-09
8194.31       8510.83       -1.3472e-09
8194.31       8513.81       -2.33323e-09
8194.31       8516.8       -9.29344e-10
8194.31       8519.79       -9.44958e-10
8194.31       8522.77       -9.16798e-10
8194.31       8525.76       6.22805e-10
8194.31       8528.74       -7.68394e-11
8194.31       8531.73       4.48816e-10
8194.31       8534.72       1.02492e-09
8194.31       8537.7       -1.15536e-10
8194.31       8540.69       7.44659e-10
8194.31       8543.67       4.12385e-10
8194.31       8546.66       -2.55366e-10
8194.31       8549.65       7.81461e-10
8194.31       8552.63       -1.09935e-10
8194.31       8555.62       2.72841e-11
8194.31       8558.6       6.86226e-10
8194.31       8561.59       -3.74116e-10
8194.31       8564.58       4.07159e-10
8194.31       8567.56       3.39833e-10
8194.31       8570.55       -3.97271e-10
8194.31       8573.53       6.03284e-10
8194.31       8576.52       -1.39589e-10
8194.31       8579.51       -2.16111e-10
8194.31       8582.49       5.02519e-10
8194.31       8585.48       -5.32317e-10
8194.31       8588.46       5.98228e-11
8194.31       8591.45       1.56855e-10
8194.31       8594.44       -6.55031e-10
8194.31       8597.42       2.94746e-10
8194.31       8600.41       -2.48186e-10
8194.31       8603.4       -4.43252e-10
8194.31       8606.38       3.97446e-10
8194.31       8609.37       -4.8704e-10
8194.31       8612.35       1.74688e-11
8194.31       8615.34       3.53817e-10
8194.31       8618.33       -4.21812e-10
8194.31       8621.31       5.15394e-10
8194.31       8624.3       2.00543e-10
8194.31       8627.28       -9.94251e-11
8194.31       8630.27       7.85502e-10
8194.31       8633.26       -2.30903e-11
8194.31       8636.24       2.59485e-10
8194.31       8639.23       6.36966e-10
8194.31       8642.21       -2.81255e-10
8194.31       8645.2       4.03523e-10
8194.31       8648.19       9.1722e-11
8194.31       8651.17       -4.8743e-10
8194.31       8654.16       2.6471e-10
8194.31       8657.14       -5.35753e-10
8194.31       8660.13       -4.68041e-10
8194.31       8663.12       2.01154e-11
8194.31       8666.1       -8.35446e-10
8194.31       8669.09       -1.72266e-10
8194.31       8672.07       -2.12088e-10
8194.31       8675.06       -7.73955e-10
8194.31       8678.05       6.66256e-11
8194.31       8681.03       -5.09864e-10
8194.31       8684.02       -5.06111e-10
8194.31       8687       1.36878e-10
8194.31       8689.99       -6.35339e-10
8194.31       8692.98       -5.42723e-11
8194.31       8695.96       1.03951e-10
8194.31       8698.95       -4.60379e-10
8194.31       8701.93       4.19275e-10
8194.31       8704.92       5.1524e-11
8194.31       8707.91       -1.63288e-11
8194.31       8710.89       7.41841e-10
8194.31       8713.88       5.70323e-11
8194.31       8716.86       5.16905e-10
8194.31       8719.85       7.94208e-10
8194.31       8722.84       1.37675e-10
8194.31       8725.82       8.83077e-10
8194.31       8728.81       5.49168e-10
8194.31       8731.8       2.27095e-10
8194.31       8734.78       8.68609e-10
8194.31       8737.77       8.20383e-11
8194.31       8740.75       2.21865e-10
8194.31       8743.74       4.30173e-10
8194.31       8746.73       -4.27202e-10
8194.31       8749.71       8.59785e-11
8194.31       8752.7       -2.29651e-10
8194.31       8755.68       -7.27956e-10
8194.31       8758.67       -8.26641e-11
8194.31       8761.66       -7.26851e-10
8194.31       8764.64       -6.00788e-10
8194.31       8767.63       -1.11684e-10
8194.31       8770.61       -7.39127e-10
8194.31       8773.6       -5.59127e-11
8194.31       8776.59       3.04614e-11
8194.31       8779.57       -3.11031e-10
8194.31       8782.56       5.16627e-10
8194.31       8785.54       8.04477e-11
8194.31       8788.53       8.75357e-11
8194.31       8791.52       5.63537e-10
8194.31       8794.5       -2.27333e-10
8194.31       8797.49       1.10683e-10
8194.31       8800.47       6.79589e-11
8194.31       8803.46       -5.65163e-10
8194.31       8806.45       8.14241e-11
8194.31       8809.43       -3.07116e-10
8194.31       8812.42       -3.91069e-10
8194.31       8815.4       2.49487e-10
8194.31       8818.39       -3.46866e-10
8194.31       8821.38       5.33193e-11
8194.31       8824.36       2.88162e-10
8194.31       8827.35       -2.71729e-10
8194.31       8830.33       3.95325e-10
8194.31       8833.32       1.36612e-10
8194.31       8836.31       -8.36828e-11
8194.31       8839.29       5.46874e-10
8194.31       8842.28       -4.77032e-11
8194.31       8845.26       1.83292e-10
8194.31       8848.25       4.73445e-10
8194.31       8851.24       -1.61146e-10
8194.31       8854.22       3.92257e-10
8194.31       8857.21       1.99165e-10
8194.31       8860.2       -1.72869e-10
8194.31       8863.18       4.17736e-10
8194.31       8866.17       -1.63057e-10
8194.31       8869.15       -1.05664e-10
8194.31       8872.14       2.22814e-10
8194.31       8875.13       -4.61993e-10
8194.31       8878.11       -1.74853e-11
8194.31       8881.1       -1.10306e-10
8194.31       8884.08       -5.63441e-10
8194.31       8887.07       4.29475e-11
8194.31       8890.06       -4.13812e-10
8194.31       8893.04       -4.12891e-10
8194.31       8896.03       6.36907e-11
8194.31       8899.01       -5.20389e-10
8194.31       8902       -6.78471e-11
8194.31       8904.99       5.41967e-11
8194.31       8907.97       -3.62408e-10
8194.31       8910.96       3.16885e-10
8194.31       8913.94       3.30184e-11
8194.31       8916.93       -1.79917e-11
8194.31       8919.92       5.45805e-10
8194.31       8922.9       -7.18788e-12
8194.31       8925.89       3.13843e-10
8194.31       8928.87       4.73813e-10
8194.31       8931.86       -8.69991e-11
8194.31       8934.85       4.30504e-10
8194.31       8937.83       1.09843e-10
8194.31       8940.82       -1.83072e-10
8194.31       8943.8       2.84603e-10
8194.31       8946.79       -3.30559e-10
8194.31       8949.78       -1.89199e-10
8194.31       8952.76       3.44361e-11
8194.31       8955.75       -5.35062e-10
8194.31       8958.73       -2.82948e-12
8194.31       8961.72       -1.04206e-10
8194.31       8964.71       -3.39983e-10
8194.31       8967.69       3.04909e-10
8194.31       8970.68       -9.89726e-11
8194.31       8973.66       5.80847e-11
8194.31       8976.65       4.39706e-10
8194.31       8979.64       -1.23445e-10
8194.31       8982.62       2.98713e-10
8194.31       8985.61       2.14337e-10
8194.31       8988.6       -2.1269e-10
8194.31       8991.58       3.14546e-10
8194.31       8994.57       -1.11821e-10
8194.31       8997.55       -1.19008e-10
8194.31       9000.54       3.11732e-10
8194.31       9003.53       -2.21527e-10
8194.31       9006.51       1.66202e-10
8194.31       9009.5       2.36018e-10
8194.31       9012.48       -2.07566e-10
8194.31       9015.47       3.26984e-10
8194.31       9018.46       -1.41499e-11
8194.31       9021.44       -1.45494e-10
8194.31       9024.43       2.94574e-10
8194.31       9027.41       -2.64597e-10
8194.31       9030.4       -1.59052e-11
8194.31       9033.39       1.12656e-10
8194.31       9036.37       -3.97332e-10
8194.31       9039.36       9.60984e-11
8194.31       9042.34       -1.4992e-10
8194.31       9045.33       -3.63079e-10
8194.31       9048.32       1.28939e-10
8194.31       9051.3       -3.65784e-10
8194.31       9054.29       -1.81447e-10
8194.31       9057.27       7.15754e-11
8194.31       9060.26       -4.2255e-10
8194.31       9063.25       6.62386e-11
8194.31       9066.23       -3.57056e-11
8194.31       9069.22       -2.83373e-10
8194.31       9072.2       2.71528e-10
8194.31       9075.19       -1.29393e-10
8194.31       9078.18       -1.355e-11
8194.31       9081.16       3.33024e-10
8194.31       9084.15       -1.66978e-10
8194.31       9087.13       2.51635e-10
8194.31       9090.12       2.25426e-10
8194.31       9093.11       -1.24185e-10
8194.31       9096.09       3.95172e-10
8194.31       9099.08       2.25197e-11
8194.31       9102.06       1.88639e-12
8194.31       9105.05       3.75116e-10
8194.31       9108.04       -1.4968e-10
8194.31       9111.02       1.69516e-10
8194.31       9114.01       2.1823e-10
8194.31       9116.99       -2.03006e-10
8194.31       9119.98       2.87596e-10
8194.31       9122.97       -2.11497e-11
8194.31       9125.95       -1.51345e-10
8194.31       9128.94       2.50126e-10
8194.31       9131.93       -2.74787e-10
8194.31       9134.91       -6.05954e-11
8194.31       9137.9       5.98966e-11
8194.31       9140.88       -4.10142e-10
8194.31       9143.87       5.55007e-11
8194.31       9146.86       -1.45376e-10
8194.31       9149.84       -3.2461e-10
8194.31       9152.83       1.54868e-10
8194.31       9155.81       -2.79688e-10
8194.31       9158.8       -9.67487e-11
8194.31       9161.79       1.61787e-10
8194.31       9164.77       -2.85163e-10
8194.31       9167.76       1.71698e-10
8194.31       9170.74       8.38717e-11
8194.31       9173.73       -1.61669e-10
8194.31       9176.72       3.38277e-10
8194.31       9179.7       -5.37474e-11
8194.31       9182.69       1.44879e-11
8194.31       9185.67       3.07091e-10
8194.31       9188.66       -1.96651e-10
8194.31       9191.65       1.48099e-10
8194.31       9194.63       9.60004e-11
8194.31       9197.62       -2.66294e-10
8194.31       9200.6       1.92584e-10
8194.31       9203.59       -1.63253e-10
8194.31       9206.58       -1.92211e-10
8194.31       9209.56       1.72282e-10
8194.31       9212.55       -2.91661e-10
8194.31       9215.53       3.48017e-11
8194.31       9218.52       1.36054e-10
8194.31       9221.51       -2.07751e-10
8194.31       9224.49       3.06085e-10
8194.31       9227.48       8.40254e-11
8194.31       9230.46       4.59539e-12
8194.31       9233.45       4.28206e-10
8194.31       9236.44       -3.10162e-11
8194.31       9239.42       1.69256e-10
8194.31       9242.41       2.79397e-10
8194.31       9245.39       -1.95915e-10
8194.31       9248.38       1.90369e-10
8194.31       9251.37       -3.98496e-11
8194.31       9254.35       -2.65467e-10
8194.31       9257.34       1.52263e-10
8194.31       9260.33       -2.71382e-10
8194.31       9263.31       -1.23264e-10
8194.31       9266.3       1.1869e-10
8194.31       9269.28       -3.13894e-10
8194.31       9272.27       9.22666e-11
8194.31       9275.26       -1.92988e-12
8194.31       9278.24       -2.65885e-10
8194.31       9281.23       1.85166e-10
8194.31       9284.21       -1.81667e-10
8194.31       9287.2       -1.20463e-10
8194.31       9290.19       1.87671e-10
8194.31       9293.17       -2.49341e-10
8194.31       9296.16       1.12359e-10
8194.31       9299.14       1.22771e-10
8194.31       9302.13       -1.8107e-10
8194.31       9305.12       2.89057e-10
8194.31       9308.1       -7.14614e-12
8194.31       9311.09       -3.30948e-11
8194.31       9314.07       3.13681e-10
8194.31       9317.06       -1.43641e-10
8194.31       9320.05       1.15524e-10
8194.31       9323.03       1.70817e-10
8194.31       9326.02       -2.22468e-10
8194.31       9329       1.93737e-10
8194.31       9331.99       -6.71982e-11
8194.31       9334.98       -2.05185e-10
8194.31       9337.96       1.64996e-10
8194.31       9340.95       -2.78858e-10
8194.31       9343.93       -9.1911e-11
8194.31       9346.92       5.6446e-11
8194.31       9349.91       -3.48347e-10
8194.31       9352.89       7.22874e-11
8194.31       9355.88       -6.8366e-11
8194.31       9358.86       -2.33836e-10
8194.31       9361.85       2.14063e-10
8194.31       9364.84       -1.42345e-10
8194.31       9367.82       9.4271e-12
8194.31       9370.81       2.65186e-10
8194.31       9373.79       -1.38032e-10
8194.31       9376.78       2.45253e-10
8194.31       9379.77       1.75274e-10
8194.31       9382.75       -8.50002e-11
8194.31       9385.74       3.35958e-10
8194.31       9388.73       -2.26663e-11
8194.31       9391.71       -9.8598e-12
8194.31       9394.7       2.52387e-10
8194.31       9397.68       -2.07317e-10
8194.31       9400.67       8.28878e-11
8194.31       9403.66       7.26093e-11
8194.31       9406.64       -2.49915e-10
8194.31       9409.63       1.83974e-10
8194.31       9412.61       -8.60695e-11
8194.31       9415.6       -1.18382e-10
8194.31       9418.59       2.35376e-10
8194.31       9421.57       -1.7965e-10
8194.31       9424.56       6.94273e-11
8194.31       9427.54       1.47521e-10
8194.31       9430.53       -2.30402e-10
8194.31       9433.52       1.60443e-10
8194.31       9436.5       -7.68009e-11
8194.31       9439.49       -2.29196e-10
8194.31       9442.47       1.27906e-10
8194.31       9445.46       -2.8539e-10
8194.31       9448.45       -1.11249e-10
8194.31       9451.43       6.21705e-11
8194.31       9454.42       -3.10205e-10
8194.31       9457.4       1.00676e-10
8194.31       9460.39       -8.42484e-12
8194.31       9463.38       -1.84077e-10
8194.31       9466.36       2.34013e-10
8194.31       9469.35       -1.2238e-10
8194.31       9472.33       -2.24231e-11
8194.31       9475.32       2.1093e-10
8194.31       9478.31       -1.94485e-10
8194.31       9481.29       1.54737e-10
8194.31       9484.28       1.06035e-10
8194.31       9487.26       -1.45771e-10
8194.31       9490.25       2.7404e-10
8194.31       9493.24       -3.97007e-11
8194.31       9496.22       -2.65372e-11
8194.31       9499.21       2.56219e-10
8194.31       9502.19       -1.6591e-10
8194.31       9505.18       1.11458e-10
8194.31       9508.17       1.24529e-10
8194.31       9511.15       -1.96452e-10
8194.31       9514.14       2.09061e-10
8194.31       9517.13       -4.9013e-11
8194.31       9520.11       -1.1441e-10
8194.31       9523.1       2.19112e-10
8194.31       9526.08       -1.8727e-10
8194.31       9529.07       2.99313e-11
8194.31       9532.06       1.27167e-10
8194.31       9535.04       -2.33037e-10
8194.31       9538.03       1.55092e-10
8194.31       9541.01       -3.33111e-11
8194.31       9544       -1.72052e-10
8194.31       9546.99       1.99498e-10
8194.31       9549.97       -1.76492e-10
8194.31       9552.96       -2.44772e-11
8194.31       9555.94       1.55552e-10
8194.31       9558.93       -2.22932e-10
8194.31       9561.92       1.44261e-10
8194.31       9564.9       4.22417e-11
8194.31       9567.89       -1.54528e-10
8194.31       9570.87       2.45959e-10
8194.31       9573.86       -8.84016e-11
8194.31       9576.85       -1.64333e-11
8194.31       9579.83       2.14905e-10
8194.31       9582.82       -1.94383e-10
8194.31       9585.8       1.05635e-10
8194.31       9588.79       5.54148e-11
8194.31       9591.78       -2.26492e-10
8194.31       9594.76       1.60127e-10
8194.31       9597.75       -1.37103e-10
8194.31       9600.73       -1.47831e-10
8194.31       9603.72       1.42054e-10
8194.31       9606.71       -2.5225e-10
8194.31       9609.69       1.27839e-11
8194.31       9612.68       6.51671e-11
8194.31       9615.66       -2.38997e-10
8194.31       9618.65       1.68151e-10
8194.31       9621.64       -4.07718e-11
8194.31       9624.62       -1.03993e-10
8194.31       9627.61       2.51956e-10
8194.31       9630.59       -1.15229e-10
8194.31       9633.58       8.78113e-11
8194.31       9636.57       2.09704e-10
8194.31       9639.55       -1.45248e-10
8194.31       9642.54       2.17372e-10
8194.31       9645.53       4.5311e-11
8194.31       9648.51       -1.25971e-10
8194.31       9651.5       2.18564e-10
8194.31       9654.48       -1.60016e-10
8194.31       9657.47       -6.10999e-11
8194.31       9660.46       1.06788e-10
8194.31       9663.44       -2.83033e-10
8194.31       9666.43       4.79763e-11
8194.31       9669.41       -3.00412e-11
8194.31       9672.4       -2.36376e-10
8194.31       9675.39       1.65859e-10
8194.31       9678.37       -1.2482e-10
8194.31       9681.36       -5.48388e-11
8194.31       9684.34       2.14343e-10
8197.29       8194.31       1.12152e-06
8197.29       8197.29       1.44456e-06
8197.29       8200.28       1.12345e-06
8197.29       8203.27       6.11339e-07
8197.29       8206.25       3.14634e-07
8197.29       8209.24       8.01689e-08
8197.29       8212.22       -9.1097e-08
8197.29       8215.21       -1.70765e-07
8197.29       8218.2       -2.43825e-07
8197.29       8221.18       -2.71666e-07
8197.29       8224.17       -2.72578e-07
8197.29       8227.15       -2.79657e-07
8197.29       8230.14       -2.57113e-07
8197.29       8233.13       -2.38093e-07
8197.29       8236.11       -2.21216e-07
8197.29       8239.1       -1.88471e-07
8197.29       8242.08       -1.70006e-07
8197.29       8245.07       -1.46501e-07
8197.29       8248.06       -1.19523e-07
8197.29       8251.04       -1.05847e-07
8197.29       8254.03       -8.32283e-08
8197.29       8257.01       -6.64237e-08
8197.29       8260       -5.62048e-08
8197.29       8262.99       -3.81372e-08
8197.29       8265.97       -3.03627e-08
8197.29       8268.96       -2.16784e-08
8197.29       8271.94       -9.91842e-09
8197.29       8274.93       -7.85297e-09
8197.29       8277.92       -5.81469e-11
8197.29       8280.9       5.12009e-09
8197.29       8283.89       4.85141e-09
8197.29       8286.87       1.10154e-08
8197.29       8289.86       1.06271e-08
8197.29       8292.85       1.02031e-08
8197.29       8295.83       1.34004e-08
8197.29       8298.82       9.38278e-09
8197.29       8301.8       9.48512e-09
8197.29       8304.79       8.94437e-09
8197.29       8307.78       3.78238e-09
8197.29       8310.76       4.30555e-09
8197.29       8313.75       9.68959e-10
8197.29       8316.73       -2.40224e-09
8197.29       8319.72       -1.01402e-09
8197.29       8322.71       -4.0202e-09
8197.29       8325.69       -2.70332e-09
8197.29       8328.68       5.13047e-10
8197.29       8331.67       6.42582e-10
8197.29       8334.65       6.0746e-09
8197.29       8337.64       8.8375e-09
8197.29       8340.62       9.93656e-09
8197.29       8343.61       1.40252e-08
8197.29       8346.6       1.27554e-08
8197.29       8349.58       1.26742e-08
8197.29       8352.57       1.32811e-08
8197.29       8355.55       9.69913e-09
8197.29       8358.54       9.88858e-09
8197.29       8361.53       8.47816e-09
8197.29       8364.51       5.63279e-09
8197.29       8367.5       6.65449e-09
8197.29       8370.48       4.33512e-09
8197.29       8373.47       3.4001e-09
8197.29       8376.46       4.35838e-09
8197.29       8379.44       1.86667e-09
8197.29       8382.43       2.62473e-09
8197.29       8385.41       2.60564e-09
8197.29       8388.4       7.31278e-10
8197.29       8391.39       2.32288e-09
8197.29       8394.37       1.12207e-09
8197.29       8397.36       4.53218e-10
8197.29       8400.34       1.83159e-09
8197.29       8403.33       -6.48912e-11
8197.29       8406.32       5.38551e-10
8197.29       8409.3       9.295e-10
8197.29       8412.29       -8.17668e-10
8197.29       8415.27       5.64084e-10
8197.29       8418.26       -2.42498e-10
8197.29       8421.25       -1.10121e-09
8197.29       8424.23       2.64506e-10
8197.29       8427.22       -1.32656e-09
8197.29       8430.2       -9.98412e-10
8197.29       8433.19       -3.4064e-10
8197.29       8436.18       -1.92089e-09
8197.29       8439.16       -6.54535e-10
8197.29       8442.15       -9.6782e-10
8197.29       8445.13       -1.75919e-09
8197.29       8448.12       -1.94242e-10
8197.29       8451.11       -1.21943e-09
8197.29       8454.09       -8.33996e-10
8197.29       8457.08       3.2507e-10
8197.29       8460.06       -7.97195e-10
8197.29       8463.05       5.85589e-10
8197.29       8466.04       8.8218e-10
8197.29       8469.02       2.79358e-10
8197.29       8472.01       1.98664e-09
8197.29       8475       1.35832e-09
8197.29       8477.98       1.53383e-09
8197.29       8480.97       2.6852e-09
8197.29       8483.95       1.41613e-09
8197.29       8486.94       2.13954e-09
8197.29       8489.93       2.08736e-09
8197.29       8492.91       6.938e-10
8197.29       8495.9       1.46139e-09
8197.29       8498.88       2.02555e-10
8197.29       8501.87       -6.69371e-10
8197.29       8504.86       -1.88396e-10
8197.29       8507.84       -1.85039e-09
8197.29       8510.83       -1.596e-09
8197.29       8513.81       -1.35846e-09
8197.29       8516.8       -2.33322e-09
8197.29       8519.79       -9.27493e-10
8197.29       8522.77       -9.59952e-10
8197.29       8525.76       -9.10423e-10
8197.29       8528.74       6.16793e-10
8197.29       8531.73       -8.62887e-11
8197.29       8534.72       4.57705e-10
8197.29       8537.7       1.01476e-09
8197.29       8540.69       -1.15108e-10
8197.29       8543.67       7.51645e-10
8197.29       8546.66       4.01515e-10
8197.29       8549.65       -2.46657e-10
8197.29       8552.63       7.81863e-10
8197.29       8555.62       -1.1708e-10
8197.29       8558.6       3.9249e-11
8197.29       8561.59       6.79624e-10
8197.29       8564.58       -3.74751e-10
8197.29       8567.56       4.15546e-10
8197.29       8570.55       3.28953e-10
8197.29       8573.53       -3.90123e-10
8197.29       8576.52       6.05431e-10
8197.29       8579.51       -1.47748e-10
8197.29       8582.49       -2.04382e-10
8197.29       8585.48       4.97434e-10
8197.29       8588.46       -5.34234e-10
8197.29       8591.45       6.93801e-11
8197.29       8594.44       1.46004e-10
8197.29       8597.42       -6.50349e-10
8197.29       8600.41       2.97182e-10
8197.29       8603.4       -2.59201e-10
8197.29       8606.38       -4.34172e-10
8197.29       8609.37       3.92249e-10
8197.29       8612.35       -4.92008e-10
8197.29       8615.34       2.73436e-11
8197.29       8618.33       3.44063e-10
8197.29       8621.31       -4.17903e-10
8197.29       8624.3       5.21281e-10
8197.29       8627.28       1.90856e-10
8197.29       8630.27       -8.889e-11
8197.29       8633.26       7.85124e-10
8197.29       8636.24       -2.65648e-11
8197.29       8639.23       2.72764e-10
8197.29       8642.21       6.3117e-10
8197.29       8645.2       -2.76629e-10
8197.29       8648.19       4.13197e-10
8197.29       8651.17       8.40088e-11
8197.29       8654.16       -4.76369e-10
8197.29       8657.14       2.66574e-10
8197.29       8660.13       -5.40945e-10
8197.29       8663.12       -4.56205e-10
8197.29       8666.1       1.45265e-11
8197.29       8669.09       -8.34368e-10
8197.29       8672.07       -1.6381e-10
8197.29       8675.06       -2.23095e-10
8197.29       8678.05       -7.68586e-10
8197.29       8681.03       6.5151e-11
8197.29       8684.02       -5.21964e-10
8197.29       8687       -5.00026e-10
8197.29       8689.99       1.25819e-10
8197.29       8692.98       -6.42603e-10
8197.29       8695.96       -5.11037e-11
8197.29       8698.95       8.90744e-11
8197.29       8701.93       -4.59892e-10
8197.29       8704.92       4.17484e-10
8197.29       8707.91       3.74705e-11
8197.29       8710.89       -1.07406e-11
8197.29       8713.88       7.3333e-10
8197.29       8716.86       4.96709e-11
8197.29       8719.85       5.23821e-10
8197.29       8722.84       7.82736e-10
8197.29       8725.82       1.40543e-10
8197.29       8728.81       8.88406e-10
8197.29       8731.8       5.4065e-10
8197.29       8734.78       2.38952e-10
8197.29       8737.77       8.69645e-10
8197.29       8740.75       8.13431e-11
8197.29       8743.74       2.37776e-10
8197.29       8746.73       4.27727e-10
8197.29       8749.71       -4.19062e-10
8197.29       8752.7       9.81639e-11
8197.29       8755.68       -2.34282e-10
8197.29       8758.67       -7.14681e-10
8197.29       8761.66       -7.88212e-11
8197.29       8764.64       -7.31175e-10
8197.29       8767.63       -5.88712e-10
8197.29       8770.61       -1.18439e-10
8197.29       8773.6       -7.39339e-10
8197.29       8776.59       -4.91859e-11
8197.29       8779.57       1.90617e-11
8197.29       8782.56       -3.05558e-10
8197.29       8785.54       5.16349e-10
8197.29       8788.53       7.16094e-11
8197.29       8791.52       9.79075e-11
8197.29       8794.5       5.57227e-10
8197.29       8797.49       -2.29834e-10
8197.29       8800.47       1.18419e-10
8197.29       8803.46       5.71218e-11
8197.29       8806.45       -5.61217e-10
8197.29       8809.43       8.22247e-11
8197.29       8812.42       -3.18381e-10
8197.29       8815.4       -3.84272e-10
8197.29       8818.39       2.41964e-10
8197.29       8821.38       -3.53435e-10
8197.29       8824.36       5.97929e-11
8197.29       8827.35       2.76316e-10
8197.29       8830.33       -2.70121e-10
8197.29       8833.32       3.98202e-10
8197.29       8836.31       1.2657e-10
8197.29       8839.29       -7.45695e-11
8197.29       8842.28       5.45001e-10
8197.29       8845.26       -5.13765e-11
8197.29       8848.25       1.94583e-10
8197.29       8851.24       4.6689e-10
8197.29       8854.22       -1.58006e-10
8197.29       8857.21       3.99803e-10
8197.29       8860.2       1.91673e-10
8197.29       8863.18       -1.63041e-10
8197.29       8866.17       4.18459e-10
8197.29       8869.15       -1.68008e-10
8197.29       8872.14       -9.43044e-11
8197.29       8875.13       2.17057e-10
8197.29       8878.11       -4.60478e-10
8197.29       8881.1       -9.22344e-12
8197.29       8884.08       -1.18923e-10
8197.29       8887.07       -5.57035e-10
8197.29       8890.06       4.49975e-11
8197.29       8893.04       -4.20731e-10
8197.29       8896.03       -4.03581e-10
8197.29       8899.01       5.66745e-11
8197.29       8902       -5.24104e-10
8197.29       8904.99       -6.24089e-11
8197.29       8907.97       4.18033e-11
8197.29       8910.96       -3.60415e-10
8197.29       8913.94       3.1624e-10
8197.29       8916.93       2.11783e-11
8197.29       8919.92       -1.08946e-11
8197.29       8922.9       5.40036e-10
8197.29       8925.89       -1.11607e-11
8197.29       8928.87       3.22506e-10
8197.29       8931.86       4.65737e-10
8197.29       8934.85       -8.22313e-11
8197.29       8937.83       4.36063e-10
8197.29       8940.82       1.02509e-10
8197.29       8943.8       -1.73146e-10
8197.29       8946.79       2.83894e-10
8197.29       8949.78       -3.35376e-10
8197.29       8952.76       -1.80502e-10
8197.29       8955.75       2.56498e-11
8197.29       8958.73       -5.34539e-10
8197.29       8961.72       1.18171e-12
8197.29       8964.71       -1.14932e-10
8197.29       8967.69       -3.34608e-10
8197.29       8970.68       3.01896e-10
8197.29       8973.66       -1.06671e-10
8197.29       8976.65       6.77231e-11
8197.29       8979.64       4.31297e-10
8197.29       8982.62       -1.24098e-10
8197.29       8985.61       3.05282e-10
8197.29       8988.6       2.05647e-10
8197.29       8991.58       -2.05371e-10
8197.29       8994.57       3.16731e-10
8197.29       8997.55       -1.16966e-10
8197.29       9000.54       -1.08243e-10
8197.29       9003.53       3.08082e-10
8197.29       9006.51       -2.20274e-10
8197.29       9009.5       1.75466e-10
8197.29       9012.48       2.2894e-10
8197.29       9015.47       -2.00746e-10
8197.29       9018.46       3.31599e-10
8197.29       9021.44       -1.95403e-11
8197.29       9024.43       -1.34007e-10
8197.29       9027.41       2.93812e-10
8197.29       9030.4       -2.64596e-10
8197.29       9033.39       -4.90771e-12
8197.29       9036.37       1.06382e-10
8197.29       9039.36       -3.91612e-10
8197.29       9042.34       1.01447e-10
8197.29       9045.33       -1.57635e-10
8197.29       9048.32       -3.55454e-10
8197.29       9051.3       1.25425e-10
8197.29       9054.29       -3.7181e-10
8197.29       9057.27       -1.74853e-10
8197.29       9060.26       6.19228e-11
8197.29       9063.25       -4.24521e-10
8197.29       9066.23       6.92096e-11
8197.29       9069.22       -4.62359e-11
8197.29       9072.2       -2.78837e-10
8197.29       9075.19       2.67689e-10
8197.29       9078.18       -1.38457e-10
8197.29       9081.16       -8.71209e-12
8197.29       9084.15       3.22555e-10
8197.29       9087.13       -1.71101e-10
8197.29       9090.12       2.53785e-10
8197.29       9093.11       2.12911e-10
8197.29       9096.09       -1.20459e-10
8197.29       9099.08       3.94614e-10
8197.29       9102.06       1.52804e-11
8197.29       9105.05       1.07874e-11
8197.29       9108.04       3.71097e-10
8197.29       9111.02       -1.49492e-10
8197.29       9114.01       1.78723e-10
8197.29       9116.99       2.12483e-10
8197.29       9119.98       -1.95242e-10
8197.29       9122.97       2.92689e-10
8197.29       9125.95       -2.59212e-11
8197.29       9128.94       -1.40728e-10
8197.29       9131.93       2.4881e-10
8197.29       9134.91       -2.75218e-10
8197.29       9137.9       -5.05377e-11
8197.29       9140.88       5.46448e-11
8197.29       9143.87       -4.04712e-10
8197.29       9146.86       6.18257e-11
8197.29       9149.84       -1.50065e-10
8197.29       9152.83       -3.16643e-10
8197.29       9155.81       1.52856e-10
8197.29       9158.8       -2.84485e-10
8197.29       9161.79       -8.99889e-11
8197.29       9164.77       1.52964e-10
8197.29       9167.76       -2.86207e-10
8197.29       9170.74       1.73804e-10
8197.29       9173.73       7.32306e-11
8197.29       9176.72       -1.56849e-10
8197.29       9179.7       3.35172e-10
8197.29       9182.69       -6.13808e-11
8197.29       9185.67       2.06995e-11
8197.29       9188.66       2.99675e-10
8197.29       9191.65       -1.98105e-10
8197.29       9194.63       1.52787e-10
8197.29       9197.62       8.70988e-11
8197.29       9200.6       -2.61909e-10
8197.29       9203.59       1.91565e-10
8197.29       9206.58       -1.6887e-10
8197.29       9209.56       -1.8474e-10
8197.29       9212.55       1.67315e-10
8197.29       9215.53       -2.93975e-10
8197.29       9218.52       4.05865e-11
8197.29       9221.51       1.27686e-10
8197.29       9224.49       -2.04703e-10
8197.29       9227.48       3.07555e-10
8197.29       9230.46       7.49758e-11
8197.29       9233.45       1.29022e-11
8197.29       9236.44       4.2649e-10
8197.29       9239.42       -3.21608e-11
8197.29       9242.41       1.78382e-10
8197.29       9245.39       2.74807e-10
8197.29       9248.38       -1.90724e-10
8197.29       9251.37       1.9638e-10
8197.29       9254.35       -4.48217e-11
8197.29       9257.34       -2.57533e-10
8197.29       9260.33       1.51722e-10
8197.29       9263.31       -2.74842e-10
8197.29       9266.3       -1.1561e-10
8197.29       9269.28       1.12798e-10
8197.29       9272.27       -3.12752e-10
8197.29       9275.26       9.67247e-11
8197.29       9278.24       -9.07504e-12
8197.29       9281.23       -2.597e-10
8197.29       9284.21       1.86694e-10
8197.29       9287.2       -1.86773e-10
8197.29       9290.19       -1.13008e-10
8197.29       9293.17       1.82736e-10
8197.29       9296.16       -2.48449e-10
8197.29       9299.14       1.18815e-10
8197.29       9302.13       1.16438e-10
8197.29       9305.12       -1.75737e-10
8197.29       9308.1       2.91041e-10
8197.29       9311.09       -1.19382e-11
8197.29       9314.07       -2.68768e-11
8197.29       9317.06       3.09022e-10
8197.29       9320.05       -1.45826e-10
8197.29       9323.03       1.21613e-10
8197.29       9326.02       1.64449e-10
8197.29       9329       -2.18306e-10
8197.29       9331.99       1.9693e-10
8197.29       9334.98       -7.24085e-11
8197.29       9337.96       -1.97243e-10
8197.29       9340.95       1.63293e-10
8197.29       9343.93       -2.81078e-10
8197.29       9346.92       -8.59456e-11
8197.29       9349.91       4.83628e-11
8197.29       9352.89       -3.49048e-10
8197.29       9355.88       7.20303e-11
8197.29       9358.86       -7.89161e-11
8197.29       9361.85       -2.33582e-10
8197.29       9364.84       2.10042e-10
8197.29       9367.82       -1.48516e-10
8197.29       9370.81       1.40074e-11
8197.29       9373.79       2.58499e-10
8197.29       9376.78       -1.39041e-10
8197.29       9379.77       2.48118e-10
8197.29       9382.75       1.67829e-10
8197.29       9385.74       -8.17371e-11
8197.29       9388.73       3.36511e-10
8197.29       9391.71       -2.5945e-11
8197.29       9394.7       -1.81722e-12
8197.29       9397.68       2.49882e-10
8197.29       9400.67       -2.05472e-10
8197.29       9403.66       8.96908e-11
8197.29       9406.64       6.81935e-11
8197.29       9409.63       -2.4386e-10
8197.29       9412.61       1.87554e-10
8197.29       9415.6       -8.9836e-11
8197.29       9418.59       -1.10739e-10
8197.29       9421.57       2.34086e-10
8197.29       9424.56       -1.79155e-10
8197.29       9427.54       7.68855e-11
8197.29       9430.53       1.44268e-10
8197.29       9433.52       -2.24809e-10
8197.29       9436.5       1.67206e-10
8197.29       9439.49       -8.10696e-11
8197.29       9442.47       -2.22388e-10
8197.29       9445.46       1.26442e-10
8197.29       9448.45       -2.879e-10
8197.29       9451.43       -1.06098e-10
8197.29       9454.42       5.52901e-11
8197.29       9457.4       -3.0995e-10
8197.29       9460.39       1.0254e-10
8197.29       9463.38       -1.65981e-11
8197.29       9466.36       -1.81876e-10
8197.29       9469.35       2.30151e-10
8197.29       9472.33       -1.29141e-10
8197.29       9475.32       -1.98912e-11
8197.29       9478.31       2.03097e-10
8197.29       9481.29       -1.97139e-10
8197.29       9484.28       1.54205e-10
8197.29       9487.26       9.87902e-11
8197.29       9490.25       -1.43098e-10
8197.29       9493.24       2.72619e-10
8197.29       9496.22       -4.58256e-11
8197.29       9499.21       -2.29154e-11
8197.29       9502.19       2.50815e-10
8197.29       9505.18       -1.67706e-10
8197.29       9508.17       1.13164e-10
8197.29       9511.15       1.1962e-10
8197.29       9514.14       -1.91566e-10
8197.29       9517.13       2.12524e-10
8197.29       9520.11       -5.08874e-11
8197.29       9523.1       -1.06314e-10
8197.29       9526.08       2.19233e-10
8197.29       9529.07       -1.86306e-10
8197.29       9532.06       3.70349e-11
8197.29       9535.04       1.22633e-10
8197.29       9538.03       -2.30824e-10
8197.29       9541.01       1.57138e-10
8197.29       9544       -3.77805e-11
8197.29       9546.99       -1.66491e-10
8197.29       9549.97       1.99066e-10
8197.29       9552.96       -1.77494e-10
8197.29       9555.94       -1.56343e-11
8197.29       9558.93       1.51022e-10
8197.29       9561.92       -2.21967e-10
8197.29       9564.9       1.46992e-10
8197.29       9567.89       3.72652e-11
8197.29       9570.87       -1.50625e-10
8197.29       9573.86       2.4525e-10
8197.29       9576.85       -9.17176e-11
8197.29       9579.83       -1.13878e-11
8197.29       9582.82       2.11077e-10
8197.29       9585.8       -1.94505e-10
8197.29       9588.79       1.08427e-10
8197.29       9591.78       5.01595e-11
8197.29       9594.76       -2.23593e-10
8197.29       9597.75       1.60524e-10
8197.29       9600.73       -1.40713e-10
8197.29       9603.72       -1.43665e-10
8197.29       9606.71       1.41493e-10
8197.29       9609.69       -2.50945e-10
8197.29       9612.68       1.77276e-11
8197.29       9615.66       6.09803e-11
8197.29       9618.65       -2.37239e-10
8197.29       9621.64       1.68128e-10
8197.29       9624.62       -4.81363e-11
8197.29       9627.61       -1.00499e-10
8197.29       9630.59       2.49816e-10
8197.29       9633.58       -1.1695e-10
8197.29       9636.57       9.21099e-11
8197.29       9639.55       2.06018e-10
8197.29       9642.54       -1.4356e-10
8197.29       9645.53       2.19502e-10
8197.29       9648.51       4.1669e-11
8197.29       9651.5       -1.22802e-10
8197.29       9654.48       2.16849e-10
8197.29       9657.47       -1.63089e-10
8197.29       9660.46       -5.78064e-11
8197.29       9663.44       1.02604e-10
8197.29       9666.43       -2.83343e-10
8197.29       9669.41       5.14062e-11
8197.29       9672.4       -3.6048e-11
8197.29       9675.39       -2.3601e-10
8197.29       9678.37       1.63131e-10
8197.29       9681.36       -1.30095e-10
8197.29       9684.34       -5.32357e-11
8200.28       8194.31       6.10486e-07
8200.28       8197.29       1.12345e-06
8200.28       8200.28       1.44721e-06
8200.28       8203.27       1.1254e-06
8200.28       8206.25       6.12176e-07
8200.28       8209.24       3.14918e-07
8200.28       8212.22       8.00139e-08
8200.28       8215.21       -9.15408e-08
8200.28       8218.2       -1.71273e-07
8200.28       8221.18       -2.44436e-07
8200.28       8224.17       -2.72258e-07
8200.28       8227.15       -2.73107e-07
8200.28       8230.14       -2.8018e-07
8200.28       8233.13       -2.5753e-07
8200.28       8236.11       -2.38454e-07
8200.28       8239.1       -2.21534e-07
8200.28       8242.08       -1.88687e-07
8200.28       8245.07       -1.70201e-07
8200.28       8248.06       -1.46639e-07
8200.28       8251.04       -1.19598e-07
8200.28       8254.03       -1.05924e-07
8200.28       8257.01       -8.32457e-08
8200.28       8260       -6.6422e-08
8200.28       8262.99       -5.62062e-08
8200.28       8265.97       -3.80888e-08
8200.28       8268.96       -3.03294e-08
8200.28       8271.94       -2.16343e-08
8200.28       8274.93       -9.84557e-09
8200.28       8277.92       -7.80904e-09
8200.28       8280.9       1.19423e-11
8200.28       8283.89       5.19209e-09
8200.28       8286.87       4.90036e-09
8200.28       8289.86       1.10955e-08
8200.28       8292.85       1.06848e-08
8200.28       8295.83       1.02554e-08
8200.28       8298.82       1.34732e-08
8200.28       8301.8       9.4204e-09
8200.28       8304.79       9.53513e-09
8200.28       8307.78       8.99212e-09
8200.28       8310.76       3.79781e-09
8200.28       8313.75       4.3411e-09
8200.28       8316.73       9.78932e-10
8200.28       8319.72       -2.40945e-09
8200.28       8322.71       -1.00522e-09
8200.28       8325.69       -4.04738e-09
8200.28       8328.68       -2.72298e-09
8200.28       8331.67       4.99923e-10
8200.28       8334.65       6.03852e-10
8200.28       8337.64       6.0656e-09
8200.28       8340.62       8.82232e-09
8200.28       8343.61       9.91511e-09
8200.28       8346.6       1.40354e-08
8200.28       8349.58       1.27446e-08
8200.28       8352.57       1.26745e-08
8200.28       8355.55       1.32959e-08
8200.28       8358.54       9.68766e-09
8200.28       8361.53       9.90084e-09
8200.28       8364.51       8.48361e-09
8200.28       8367.5       5.62286e-09
8200.28       8370.48       6.67101e-09
8200.28       8373.47       4.32923e-09
8200.28       8376.46       3.39823e-09
8200.28       8379.44       4.37328e-09
8200.28       8382.43       1.85457e-09
8200.28       8385.41       2.63475e-09
8200.28       8388.4       2.61449e-09
8200.28       8391.39       7.22592e-10
8200.28       8394.37       2.34129e-09
8200.28       8397.36       1.12206e-09
8200.28       8400.34       4.52743e-10
8200.28       8403.33       1.85043e-09
8200.28       8406.32       -7.26729e-11
8200.28       8409.3       5.47111e-10
8200.28       8412.29       9.39993e-10
8200.28       8415.27       -8.28753e-10
8200.28       8418.26       5.77489e-10
8200.28       8421.25       -2.44378e-10
8200.28       8424.23       -1.10862e-09
8200.28       8427.22       2.78187e-10
8200.28       8430.2       -1.33861e-09
8200.28       8433.19       -9.98069e-10
8200.28       8436.18       -3.34076e-10
8200.28       8439.16       -1.93781e-09
8200.28       8442.15       -6.48103e-10
8200.28       8445.13       -9.73317e-10
8200.28       8448.12       -1.77463e-09
8200.28       8451.11       -1.87205e-10
8200.28       8454.09       -1.23646e-09
8200.28       8457.08       -8.42849e-10
8200.28       8460.06       3.26752e-10
8200.28       8463.05       -8.19466e-10
8200.28       8466.04       5.8591e-10
8200.28       8469.02       8.76459e-10
8200.28       8472.01       2.62139e-10
8200.28       8475       1.99547e-09
8200.28       8477.98       1.34804e-09
8200.28       8480.97       1.53023e-09
8200.28       8483.95       2.69808e-09
8200.28       8486.94       1.40628e-09
8200.28       8489.93       2.15158e-09
8200.28       8492.91       2.09705e-09
8200.28       8495.9       6.88475e-10
8200.28       8498.88       1.48114e-09
8200.28       8501.87       2.04058e-10
8200.28       8504.86       -6.68388e-10
8200.28       8507.84       -1.7129e-10
8200.28       8510.83       -1.85965e-09
8200.28       8513.81       -1.59089e-09
8200.28       8516.8       -1.35372e-09
8200.28       8519.79       -2.34862e-09
8200.28       8522.77       -9.19706e-10
8200.28       8525.76       -9.6642e-10
8200.28       8528.74       -9.21931e-10
8200.28       8531.73       6.25883e-10
8200.28       8534.72       -9.9918e-11
8200.28       8537.7       4.58036e-10
8200.28       8540.69       1.02165e-09
8200.28       8543.67       -1.28325e-10
8200.28       8546.66       7.61867e-10
8200.28       8549.65       4.00868e-10
8200.28       8552.63       -2.55043e-10
8200.28       8555.62       7.9501e-10
8200.28       8558.6       -1.26027e-10
8200.28       8561.59       3.94969e-11
8200.28       8564.58       6.88587e-10
8200.28       8567.56       -3.87961e-10
8200.28       8570.55       4.23905e-10
8200.28       8573.53       3.30608e-10
8200.28       8576.52       -3.99645e-10
8200.28       8579.51       6.18985e-10
8200.28       8582.49       -1.54312e-10
8200.28       8585.48       -2.05946e-10
8200.28       8588.46       5.08537e-10
8200.28       8591.45       -5.46676e-10
8200.28       8594.44       7.55897e-11
8200.28       8597.42       1.49005e-10
8200.28       8600.41       -6.62295e-10
8200.28       8603.4       3.0846e-10
8200.28       8606.38       -2.65296e-10
8200.28       8609.37       -4.38975e-10
8200.28       8612.35       4.03626e-10
8200.28       8615.34       -5.03577e-10
8200.28       8618.33       3.1959e-11
8200.28       8621.31       3.49826e-10
8200.28       8624.3       -4.29432e-10
8200.28       8627.28       5.32487e-10
8200.28       8630.27       1.87962e-10
8200.28       8633.26       -9.38894e-11
8200.28       8636.24       7.98939e-10
8200.28       8639.23       -3.49557e-11
8200.28       8642.21       2.77589e-10
8200.28       8645.2       6.41125e-10
8200.28       8648.19       -2.85942e-10
8200.28       8651.17       4.26066e-10
8200.28       8654.16       8.60413e-11
8200.28       8657.14       -4.81259e-10
8200.28       8660.13       2.81775e-10
8200.28       8663.12       -5.47982e-10
8200.28       8666.1       -4.53384e-10
8200.28       8669.09       2.51901e-11
8200.28       8672.07       -8.45733e-10
8200.28       8675.06       -1.55764e-10
8200.28       8678.05       -2.23381e-10
8200.28       8681.03       -7.80356e-10
8200.28       8684.02       7.41048e-11
8200.28       8687       -5.32995e-10
8200.28       8689.99       -5.06211e-10
8200.28       8692.98       1.31486e-10
8200.28       8695.96       -6.59619e-10
8200.28       8698.95       -4.89052e-11
8200.28       8701.93       8.74091e-11
8200.28       8704.92       -4.75419e-10
8200.28       8707.91       4.23835e-10
8200.28       8710.89       2.69815e-11
8200.28       8713.88       -1.96943e-11
8200.28       8716.86       7.39789e-10
8200.28       8719.85       3.47741e-11
8200.28       8722.84       5.25307e-10
8200.28       8725.82       7.85945e-10
8200.28       8728.81       1.28859e-10
8200.28       8731.8       8.99587e-10
8200.28       8734.78       5.39293e-10
8200.28       8737.77       2.36233e-10
8200.28       8740.75       8.8548e-10
8200.28       8743.74       7.68367e-11
8200.28       8746.73       2.46266e-10
8200.28       8749.71       4.41004e-10
8200.28       8752.7       -4.24187e-10
8200.28       8755.68       1.13933e-10
8200.28       8758.67       -2.29351e-10
8200.28       8761.66       -7.16339e-10
8200.28       8764.64       -6.34652e-11
8200.28       8767.63       -7.37043e-10
8200.28       8770.61       -5.87115e-10
8200.28       8773.6       -1.10081e-10
8200.28       8776.59       -7.51752e-10
8200.28       8779.57       -4.2867e-11
8200.28       8782.56       1.79377e-11
8200.28       8785.54       -3.16435e-10
8200.28       8788.53       5.26215e-10
8200.28       8791.52       6.4207e-11
8200.28       8794.5       9.53969e-11
8200.28       8797.49       5.65899e-10
8200.28       8800.47       -2.41607e-10
8200.28       8803.46       1.24097e-10
8200.28       8806.45       5.9198e-11
8200.28       8809.43       -5.72466e-10
8200.28       8812.42       9.12932e-11
8200.28       8815.4       -3.26066e-10
8200.28       8818.39       -3.90854e-10
8200.28       8821.38       2.49483e-10
8200.28       8824.36       -3.66423e-10
8200.28       8827.35       6.16474e-11
8200.28       8830.33       2.79185e-10
8200.28       8833.32       -2.82082e-10
8200.28       8836.31       4.07735e-10
8200.28       8839.29       1.23373e-10
8200.28       8842.28       -7.9676e-11
8200.28       8845.26       5.56632e-10
8200.28       8848.25       -6.01271e-11
8200.28       8851.24       1.9771e-10
8200.28       8854.22       4.73593e-10
8200.28       8857.21       -1.68194e-10
8200.28       8860.2       4.10139e-10
8200.28       8863.18       1.91762e-10
8200.28       8866.17       -1.68852e-10
8200.28       8869.15       4.30922e-10
8200.28       8872.14       -1.74425e-10
8200.28       8875.13       -9.20237e-11
8200.28       8878.11       2.27107e-10
8200.28       8881.1       -4.69283e-10
8200.28       8884.08       4.20954e-13
8200.28       8887.07       -1.17399e-10
8200.28       8890.06       -5.63318e-10
8200.28       8893.04       5.72368e-11
8200.28       8896.03       -4.27098e-10
8200.28       8899.01       -4.05895e-10
8200.28       8902       6.40102e-11
8200.28       8904.99       -5.36954e-10
8200.28       8907.97       -5.92634e-11
8200.28       8910.96       4.15162e-11
8200.28       8913.94       -3.73049e-10
8200.28       8916.93       3.22796e-10
8200.28       8919.92       1.37714e-11
8200.28       8922.9       -1.65158e-11
8200.28       8925.89       5.484e-10
8200.28       8928.87       -2.20511e-11
8200.28       8931.86       3.26354e-10
8200.28       8934.85       4.70577e-10
8200.28       8937.83       -9.1575e-11
8200.28       8940.82       4.46636e-10
8200.28       8943.8       1.00615e-10
8200.28       8946.79       -1.7658e-10
8200.28       8949.78       2.9458e-10
8200.28       8952.76       -3.44089e-10
8200.28       8955.75       -1.78353e-10
8200.28       8958.73       3.12511e-11
8200.28       8961.72       -5.4572e-10
8200.28       8964.71       8.50005e-12
8200.28       8967.69       -1.17941e-10
8200.28       8970.68       -3.43456e-10
8200.28       8973.66       3.10485e-10
8200.28       8976.65       -1.14368e-10
8200.28       8979.64       6.59334e-11
8200.28       8982.62       4.37557e-10
8200.28       8985.61       -1.34852e-10
8200.28       8988.6       3.12626e-10
8200.28       8991.58       2.07516e-10
8200.28       8994.57       -2.118e-10
8200.28       8997.55       3.29044e-10
8200.28       9000.54       -1.21559e-10
8200.28       9003.53       -1.08278e-10
8200.28       9006.51       3.19092e-10
8200.28       9009.5       -2.29145e-10
8200.28       9012.48       1.8219e-10
8200.28       9015.47       2.33209e-10
8200.28       9018.46       -2.07544e-10
8200.28       9021.44       3.4388e-10
8200.28       9024.43       -2.11197e-11
8200.28       9027.41       -1.3404e-10
8200.28       9030.4       3.06208e-10
8200.28       9033.39       -2.71191e-10
8200.28       9036.37       7.83399e-13
8200.28       9039.36       1.12997e-10
8200.28       9042.34       -3.99585e-10
8200.28       9045.33       1.11317e-10
8200.28       9048.32       -1.60178e-10
8200.28       9051.3       -3.60839e-10
8200.28       9054.29       1.34476e-10
8200.28       9057.27       -3.81231e-10
8200.28       9060.26       -1.74333e-10
8200.28       9063.25       6.47632e-11
8200.28       9066.23       -4.36047e-10
8200.28       9069.22       7.5262e-11
8200.28       9072.2       -4.97236e-11
8200.28       9075.19       -2.88643e-10
8200.28       9078.18       2.73672e-10
8200.28       9081.16       -1.50003e-10
8200.28       9084.15       -1.33328e-11
8200.28       9087.13       3.24965e-10
8200.28       9090.12       -1.85268e-10
8200.28       9093.11       2.55952e-10
8200.28       9096.09       2.11679e-10
8200.28       9099.08       -1.29399e-10
8200.28       9102.06       4.03557e-10
8200.28       9105.05       9.8474e-12
8200.28       9108.04       9.9029e-12
8200.28       9111.02       3.80573e-10
8200.28       9114.01       -1.56988e-10
8200.28       9116.99       1.85835e-10
8200.28       9119.98       2.17942e-10
8200.28       9122.97       -2.01161e-10
8200.28       9125.95       3.04069e-10
8200.28       9128.94       -2.75982e-11
8200.28       9131.93       -1.41742e-10
8200.28       9134.91       2.60384e-10
8200.28       9137.9       -2.80821e-10
8200.28       9140.88       -4.39697e-11
8200.28       9143.87       6.22839e-11
8200.28       9146.86       -4.10069e-10
8200.28       9149.84       7.38398e-11
8200.28       9152.83       -1.51396e-10
8200.28       9155.81       -3.21277e-10
8200.28       9158.8       1.61223e-10
8200.28       9161.79       -2.93686e-10
8200.28       9164.77       -9.07419e-11
8200.28       9167.76       1.55817e-10
8200.28       9170.74       -2.98214e-10
8200.28       9173.73       1.78208e-10
8200.28       9176.72       7.1034e-11
8200.28       9179.7       -1.65774e-10
8200.28       9182.69       3.41679e-10
8200.28       9185.67       -6.99949e-11
8200.28       9188.66       1.86584e-11
8200.28       9191.65       3.04904e-10
8200.28       9194.63       -2.08205e-10
8200.28       9197.62       1.57866e-10
8200.28       9200.6       8.77262e-11
8200.28       9203.59       -2.70252e-10
8200.28       9206.58       2.01524e-10
8200.28       9209.56       -1.73766e-10
8200.28       9212.55       -1.86367e-10
8200.28       9215.53       1.74603e-10
8200.28       9218.52       -3.03068e-10
8200.28       9221.51       4.40853e-11
8200.28       9224.49       1.29088e-10
8200.28       9227.48       -2.14053e-10
8200.28       9230.46       3.12633e-10
8200.28       9233.45       7.14266e-11
8200.28       9236.44       1.00099e-11
8200.28       9239.42       4.35417e-10
8200.28       9242.41       -3.87811e-11
8200.28       9245.39       1.82923e-10
8200.28       9248.38       2.8117e-10
8200.28       9251.37       -1.96666e-10
8200.28       9254.35       2.06087e-10
8200.28       9257.34       -4.54084e-11
8200.28       9260.33       -2.60581e-10
8200.28       9263.31       1.61142e-10
8200.28       9266.3       -2.81032e-10
8200.28       9269.28       -1.13857e-10
8200.28       9272.27       1.18609e-10
8200.28       9275.26       -3.20667e-10
8200.28       9278.24       1.04023e-10
8200.28       9281.23       -8.01135e-12
8200.28       9284.21       -2.62871e-10
8200.28       9287.2       1.95775e-10
8200.28       9290.19       -1.91789e-10
8200.28       9293.17       -1.13059e-10
8200.28       9296.16       1.90134e-10
8200.28       9299.14       -2.56063e-10
8200.28       9302.13       1.24109e-10
8200.28       9305.12       1.17692e-10
8200.28       9308.1       -1.82219e-10
8200.28       9311.09       2.99309e-10
8200.28       9314.07       -1.78663e-11
8200.28       9317.06       -3.0152e-11
8200.28       9320.05       3.15045e-10
8200.28       9323.03       -1.53727e-10
8200.28       9326.02       1.25706e-10
8200.28       9329       1.68133e-10
8200.28       9331.99       -2.24359e-10
8200.28       9334.98       2.0598e-10
8200.28       9337.96       -7.37023e-11
8200.28       9340.95       -1.99447e-10
8200.28       9343.93       1.71509e-10
8200.28       9346.92       -2.88444e-10
8200.28       9349.91       -8.53675e-11
8200.28       9352.89       5.00399e-11
8200.28       9355.88       -3.59671e-10
8200.28       9358.86       7.52829e-11
8200.28       9361.85       -8.51919e-11
8200.28       9364.84       -2.40291e-10
8200.28       9367.82       2.15594e-10
8200.28       9370.81       -1.56605e-10
8200.28       9373.79       1.3055e-11
8200.28       9376.78       2.61313e-10
8200.28       9379.77       -1.48706e-10
8200.28       9382.75       2.52034e-10
8200.28       9385.74       1.65371e-10
8200.28       9388.73       -8.72257e-11
8200.28       9391.71       3.44864e-10
8200.28       9394.7       -2.97155e-11
8200.28       9397.68       -9.79077e-13
8200.28       9400.67       2.58183e-10
8200.28       9403.66       -2.10893e-10
8200.28       9406.64       9.6209e-11
8200.28       9409.63       7.21943e-11
8200.28       9412.61       -2.4745e-10
8200.28       9415.6       1.9643e-10
8200.28       9418.59       -9.19676e-11
8200.28       9421.57       -1.11074e-10
8200.28       9424.56       2.42469e-10
8200.28       9427.54       -1.84209e-10
8200.28       9430.53       8.24053e-11
8200.28       9433.52       1.50027e-10
8200.28       9436.5       -2.2665e-10
8200.28       9439.49       1.75429e-10
8200.28       9442.47       -8.17084e-11
8200.28       9445.46       -2.24583e-10
8200.28       9448.45       1.33997e-10
8200.28       9451.43       -2.94036e-10
8200.28       9454.42       -1.05632e-10
8200.28       9457.4       5.82724e-11
8200.28       9460.39       -3.17621e-10
8200.28       9463.38       1.05719e-10
8200.28       9466.36       -2.03252e-11
8200.28       9469.35       -1.89278e-10
8200.28       9472.33       2.33757e-10
8200.28       9475.32       -1.37514e-10
8200.28       9478.31       -2.30928e-11
8200.28       9481.29       2.04719e-10
8200.28       9484.28       -2.08485e-10
8200.28       9487.26       1.56707e-10
8200.28       9490.25       9.71669e-11
8200.28       9493.24       -1.50547e-10
8200.28       9496.22       2.76761e-10
8200.28       9499.21       -5.21505e-11
8200.28       9502.19       -2.58694e-11
8200.28       9505.18       2.55398e-10
8200.28       9508.17       -1.76553e-10
8200.28       9511.15       1.17681e-10
8200.28       9514.14       1.23619e-10
8200.28       9517.13       -1.94756e-10
8200.28       9520.11       2.2147e-10
8200.28       9523.1       -5.10616e-11
8200.28       9526.08       -1.06318e-10
8200.28       9529.07       2.27287e-10
8200.28       9532.06       -1.90499e-10
8200.28       9535.04       3.95058e-11
8200.28       9538.03       1.2563e-10
8200.28       9541.01       -2.36613e-10
8200.28       9544       1.63453e-10
8200.28       9546.99       -3.79669e-11
8200.28       9549.97       -1.68325e-10
8200.28       9552.96       2.0695e-10
8200.28       9555.94       -1.78465e-10
8200.28       9558.93       -1.4916e-11
8200.28       9561.92       1.54548e-10
8200.28       9564.9       -2.28465e-10
8200.28       9567.89       1.51168e-10
8200.28       9570.87       3.64255e-11
8200.28       9573.86       -1.55424e-10
8200.28       9576.85       2.50624e-10
8200.28       9579.83       -9.58369e-11
8200.28       9582.82       -1.24223e-11
8200.28       9585.8       2.15115e-10
8200.28       9588.79       -2.00874e-10
8200.28       9591.78       1.12067e-10
8200.28       9594.76       5.1605e-11
8200.28       9597.75       -2.27299e-10
8200.28       9600.73       1.67318e-10
8200.28       9603.72       -1.43275e-10
8200.28       9606.71       -1.42412e-10
8200.28       9609.69       1.48814e-10
8200.28       9612.68       -2.55269e-10
8200.28       9615.66       2.03686e-11
8200.28       9618.65       6.22172e-11
8200.28       9621.64       -2.43716e-10
8200.28       9624.62       1.69586e-10
8200.28       9627.61       -5.09323e-11
8200.28       9630.59       -1.0344e-10
8200.28       9633.58       2.5446e-10
8200.28       9636.57       -1.22204e-10
8200.28       9639.55       9.27885e-11
8200.28       9642.54       2.08065e-10
8200.28       9645.53       -1.4959e-10
8200.28       9648.51       2.23332e-10
8200.28       9651.5       4.0093e-11
8200.28       9654.48       -1.26744e-10
8200.28       9657.47       2.21477e-10
8200.28       9660.46       -1.67315e-10
8200.28       9663.44       -5.76916e-11
8200.28       9666.43       1.06121e-10
8200.28       9669.41       -2.86631e-10
8200.28       9672.4       5.38073e-11
8200.28       9675.39       -3.75375e-11
8200.28       9678.37       -2.41737e-10
8200.28       9681.36       1.65919e-10
8200.28       9684.34       -1.3531e-10
8203.27       8194.31       3.14355e-07
8203.27       8197.29       6.11339e-07
8203.27       8200.28       1.1254e-06
8203.27       8203.27       1.44985e-06
8203.27       8206.25       1.12736e-06
8203.27       8209.24       6.13024e-07
8203.27       8212.22       3.15184e-07
8203.27       8215.21       7.98735e-08
8203.27       8218.2       -9.19888e-08
8203.27       8221.18       -1.71793e-07
8203.27       8224.17       -2.45031e-07
8203.27       8227.15       -2.72866e-07
8203.27       8230.14       -2.73637e-07
8203.27       8233.13       -2.80691e-07
8203.27       8236.11       -2.57965e-07
8203.27       8239.1       -2.38802e-07
8203.27       8242.08       -2.21851e-07
8203.27       8245.07       -1.88915e-07
8203.27       8248.06       -1.70377e-07
8203.27       8251.04       -1.46789e-07
8203.27       8254.03       -1.19674e-07
8203.27       8257.01       -1.05986e-07
8203.27       8260       -8.32807e-08
8203.27       8262.99       -6.64095e-08
8203.27       8265.97       -5.62044e-08
8203.27       8268.96       -3.80557e-08
8203.27       8271.94       -3.02782e-08
8203.27       8274.93       -2.15997e-08
8203.27       8277.92       -9.77728e-09
8203.27       8280.9       -7.74886e-09
8203.27       8283.89       6.51123e-11
8203.27       8286.87       5.27242e-09
8203.27       8289.86       4.95578e-09
8203.27       8292.85       1.11591e-08
8203.27       8295.83       1.07594e-08
8203.27       8298.82       1.03013e-08
8203.27       8301.8       1.35386e-08
8203.27       8304.79       9.47548e-09
8203.27       8307.78       9.56917e-09
8203.27       8310.76       9.04598e-09
8203.27       8313.75       3.8225e-09
8203.27       8316.73       4.35928e-09
8203.27       8319.72       1.00416e-09
8203.27       8322.71       -2.42054e-09
8203.27       8325.69       -1.00718e-09
8203.27       8328.68       -4.05763e-09
8203.27       8331.67       -2.75785e-09
8203.27       8334.65       4.88053e-10
8203.27       8337.64       5.75926e-10
8203.27       8340.62       6.03829e-09
8203.27       8343.61       8.82002e-09
8203.27       8346.6       9.89361e-09
8203.27       8349.58       1.40338e-08
8203.27       8352.57       1.2752e-08
8203.27       8355.55       1.26628e-08
8203.27       8358.54       1.33098e-08
8203.27       8361.53       9.68985e-09
8203.27       8364.51       9.89516e-09
8203.27       8367.5       8.50002e-09
8203.27       8370.48       5.6155e-09
8203.27       8373.47       6.67323e-09
8203.27       8376.46       4.34122e-09
8203.27       8379.44       3.38714e-09
8203.27       8382.43       4.3842e-09
8203.27       8385.41       1.85951e-09
8203.27       8388.4       2.62828e-09
8203.27       8391.39       2.63225e-09
8203.27       8394.37       7.19725e-10
8203.27       8397.36       2.34385e-09
8203.27       8400.34       1.13831e-09
8203.27       8403.33       4.44613e-10
8203.27       8406.32       1.86141e-09
8203.27       8409.3       -6.51825e-11
8203.27       8412.29       5.38389e-10
8203.27       8415.27       9.54848e-10
8203.27       8418.26       -8.32874e-10
8203.27       8421.25       5.74169e-10
8203.27       8424.23       -2.30905e-10
8203.27       8427.22       -1.11966e-09
8203.27       8430.2       2.82972e-10
8203.27       8433.19       -1.33273e-09
8203.27       8436.18       -1.01142e-09
8203.27       8439.16       -3.24415e-10
8203.27       8442.15       -1.94363e-09
8203.27       8445.13       -6.58778e-10
8203.27       8448.12       -9.65352e-10
8203.27       8451.11       -1.79115e-09
8203.27       8454.09       -1.92139e-10
8203.27       8457.08       -1.23637e-09
8203.27       8460.06       -8.64208e-10
8203.27       8463.05       3.27819e-10
8203.27       8466.04       -8.28934e-10
8203.27       8469.02       5.68902e-10
8203.27       8472.01       8.8199e-10
8203.27       8475       2.47119e-10
8203.27       8477.98       1.9905e-09
8203.27       8480.97       1.35475e-09
8203.27       8483.95       1.51652e-09
8203.27       8486.94       2.70714e-09
8203.27       8489.93       1.41139e-09
8203.27       8492.91       2.14561e-09
8203.27       8495.9       2.11548e-09
8203.27       8498.88       6.88356e-10
8203.27       8501.87       1.48595e-09
8203.27       8504.86       2.22129e-10
8203.27       8507.84       -6.74192e-10
8203.27       8510.83       -1.60222e-10
8203.27       8513.81       -1.85283e-09
8203.27       8516.8       -1.60142e-09
8203.27       8519.79       -1.34288e-09
8203.27       8522.77       -2.3563e-09
8203.27       8525.76       -9.27388e-10
8203.27       8528.74       -9.59339e-10
8203.27       8531.73       -9.3761e-10
8203.27       8534.72       6.26404e-10
8203.27       8537.7       -9.63985e-11
8203.27       8540.69       4.44563e-10
8203.27       8543.67       1.03191e-09
8203.27       8546.66       -1.31328e-10
8203.27       8549.65       7.55014e-10
8203.27       8552.63       4.12968e-10
8203.27       8555.62       -2.65567e-10
8203.27       8558.6       7.9658e-10
8203.27       8561.59       -1.18361e-10
8203.27       8564.58       2.63027e-11
8203.27       8567.56       6.9753e-10
8203.27       8570.55       -3.88689e-10
8203.27       8573.53       4.15754e-10
8203.27       8576.52       3.43508e-10
8203.27       8579.51       -4.07518e-10
8203.27       8582.49       6.1919e-10
8203.27       8585.48       -1.44534e-10
8203.27       8588.46       -2.18088e-10
8203.27       8591.45       5.16119e-10
8203.27       8594.44       -5.45265e-10
8203.27       8597.42       6.54623e-11
8203.27       8600.41       1.60728e-10
8203.27       8603.4       -6.69325e-10
8203.27       8606.38       3.0582e-10
8203.27       8609.37       -2.54604e-10
8203.27       8612.35       -4.50538e-10
8203.27       8615.34       4.09767e-10
8203.27       8618.33       -4.99654e-10
8203.27       8621.31       2.1132e-11
8203.27       8624.3       3.61223e-10
8203.27       8627.28       -4.34669e-10
8203.27       8630.27       5.2763e-10
8203.27       8633.26       1.99983e-10
8203.27       8636.24       -1.03829e-10
8203.27       8639.23       8.04181e-10
8203.27       8642.21       -2.72752e-11
8203.27       8645.2       2.6827e-10
8203.27       8648.19       6.54266e-10
8203.27       8651.17       -2.85539e-10
8203.27       8654.16       4.22993e-10
8203.27       8657.14       1.01506e-10
8203.27       8660.13       -4.87534e-10
8203.27       8663.12       2.8599e-10
8203.27       8666.1       -5.37349e-10
8203.27       8669.09       -4.63059e-10
8203.27       8672.07       3.53892e-11
8203.27       8675.06       -8.46216e-10
8203.27       8678.05       -1.64909e-10
8203.27       8681.03       -2.13278e-10
8203.27       8684.02       -7.91064e-10
8203.27       8687       7.08026e-11
8203.27       8689.99       -5.2729e-10
8203.27       8692.98       -5.21544e-10
8203.27       8695.96       1.34363e-10
8203.27       8698.95       -6.61878e-10
8203.27       8701.93       -6.30423e-11
8203.27       8704.92       9.39423e-11
8203.27       8707.91       -4.87458e-10
8203.27       8710.89       4.15716e-10
8203.27       8713.88       3.15565e-11
8203.27       8716.86       -3.62356e-11
8203.27       8719.85       7.40853e-10
8203.27       8722.84       3.45519e-11
8203.27       8725.82       5.12064e-10
8203.27       8728.81       7.95557e-10
8203.27       8731.8       1.23951e-10
8203.27       8734.78       8.96323e-10
8203.27       8737.77       5.52642e-10
8203.27       8740.75       2.29344e-10
8203.27       8743.74       8.9408e-10
8203.27       8746.73       8.80386e-11
8203.27       8749.71       2.41489e-10
8203.27       8752.7       4.57755e-10
8203.27       8755.68       -4.19894e-10
8203.27       8758.67       1.14631e-10
8203.27       8761.66       -2.11196e-10
8203.27       8764.64       -7.21116e-10
8203.27       8767.63       -5.82084e-11
8203.27       8770.61       -7.27902e-10
8203.27       8773.6       -5.98026e-10
8203.27       8776.59       -1.01904e-10
8203.27       8779.57       -7.539e-10
8203.27       8782.56       -5.29044e-11
8203.27       8785.54       2.69745e-11
8203.27       8788.53       -3.26616e-10
8203.27       8791.52       5.24841e-10
8203.27       8794.5       7.15714e-11
8203.27       8797.49       8.29179e-11
8203.27       8800.47       5.72508e-10
8203.27       8803.46       -2.40452e-10
8203.27       8806.45       1.14568e-10
8203.27       8809.43       6.95851e-11
8203.27       8812.42       -5.80109e-10
8203.27       8815.4       8.69439e-11
8203.27       8818.39       -3.18661e-10
8203.27       8821.38       -4.04076e-10
8203.27       8824.36       2.53066e-10
8203.27       8827.35       -3.65036e-10
8203.27       8830.33       5.0013e-11
8203.27       8833.32       2.88589e-10
8203.27       8836.31       -2.87204e-10
8203.27       8839.29       4.03132e-10
8203.27       8842.28       1.33684e-10
8203.27       8845.26       -8.98466e-11
8203.27       8848.25       5.59988e-10
8203.27       8851.24       -5.50654e-11
8203.27       8854.22       1.86368e-10
8203.27       8857.21       4.8309e-10
8203.27       8860.2       -1.70135e-10
8203.27       8863.18       4.04829e-10
8203.27       8866.17       2.03633e-10
8203.27       8869.15       -1.76468e-10
8203.27       8872.14       4.3456e-10
8203.27       8875.13       -1.6503e-10
8203.27       8878.11       -1.00048e-10
8203.27       8881.1       2.38431e-10
8203.27       8884.08       -4.66924e-10
8203.27       8887.07       -5.66249e-12
8203.27       8890.06       -1.0364e-10
8203.27       8893.04       -5.68988e-10
8203.27       8896.03       5.77291e-11
8203.27       8899.01       -4.18835e-10
8203.27       8902       -4.17752e-10
8203.27       8904.99       6.9278e-11
8203.27       8907.97       -5.37707e-10
8203.27       8910.96       -7.06161e-11
8203.27       8913.94       4.90738e-11
8203.27       8916.93       -3.83033e-10
8203.27       8919.92       3.1768e-10
8203.27       8922.9       2.05002e-11
8203.27       8925.89       -2.90379e-11
8203.27       8928.87       5.51775e-10
8203.27       8931.86       -1.9916e-11
8203.27       8934.85       3.16055e-10
8203.27       8937.83       4.80426e-10
8203.27       8940.82       -9.55276e-11
8203.27       8943.8       4.4315e-10
8203.27       8946.79       1.12223e-10
8203.27       8949.78       -1.85466e-10
8203.27       8952.76       2.98757e-10
8203.27       8955.75       -3.38303e-10
8203.27       8958.73       -1.88306e-10
8203.27       8961.72       4.02357e-11
8203.27       8964.71       -5.48616e-10
8203.27       8967.69       1.24128e-12
8203.27       8970.68       -1.09381e-10
8203.27       8973.66       -3.53755e-10
8203.27       8976.65       3.11805e-10
8203.27       8979.64       -1.10028e-10
8203.27       8982.62       5.40068e-11
8203.27       8985.61       4.44714e-10
8203.27       8988.6       -1.35253e-10
8203.27       8991.58       3.06335e-10
8203.27       8994.57       2.19389e-10
8203.27       8997.55       -2.1701e-10
8203.27       9000.54       3.30042e-10
8203.27       9003.53       -1.12276e-10
8203.27       9006.51       -1.16252e-10
8203.27       9009.5       3.26284e-10
8203.27       9012.48       -2.26737e-10
8203.27       9015.47       1.75253e-10
8203.27       9018.46       2.45287e-10
8203.27       9021.44       -2.10676e-10
8203.27       9024.43       3.44448e-10
8203.27       9027.41       -8.97824e-12
8203.27       9030.4       -1.40966e-10
8203.27       9033.39       3.13488e-10
8203.27       9036.37       -2.66094e-10
8203.27       9039.36       -6.2489e-12
8203.27       9042.34       1.24093e-10
8203.27       9045.33       -4.02175e-10
8203.27       9048.32       1.08088e-10
8203.27       9051.3       -1.50201e-10
8203.27       9054.29       -3.69616e-10
8203.27       9057.27       1.37382e-10
8203.27       9060.26       -3.76917e-10
8203.27       9063.25       -1.86395e-10
8203.27       9066.23       7.18942e-11
8203.27       9069.22       -4.39831e-10
8203.27       9072.2       6.69825e-11
8203.27       9075.19       -4.34665e-11
8203.27       9078.18       -3.00731e-10
8203.27       9081.16       2.70166e-10
8203.27       9084.15       -1.48608e-10
8203.27       9087.13       -2.8009e-11
8203.27       9090.12       3.27765e-10
8203.27       9093.11       -1.90037e-10
8203.27       9096.09       2.46909e-10
8203.27       9099.08       2.20042e-10
8203.27       9102.06       -1.3686e-10
8203.27       9105.05       4.02955e-10
8203.27       9108.04       1.78891e-11
8203.27       9111.02       1.32348e-12
8203.27       9114.01       3.87984e-10
8203.27       9116.99       -1.53737e-10
8203.27       9119.98       1.801e-10
8203.27       9122.97       2.29444e-10
8203.27       9125.95       -2.04344e-10
8203.27       9128.94       3.03937e-10
8203.27       9131.93       -1.67498e-11
8203.27       9134.91       -1.47693e-10
8203.27       9137.9       2.6845e-10
8203.27       9140.88       -2.7354e-10
8203.27       9143.87       -4.84507e-11
8203.27       9146.86       7.52959e-11
8203.27       9149.84       -4.09439e-10
8203.27       9152.83       7.10654e-11
8203.27       9155.81       -1.42245e-10
8203.27       9158.8       -3.30565e-10
8203.27       9161.79       1.62278e-10
8203.27       9164.77       -2.91236e-10
8203.27       9167.76       -1.02467e-10
8203.27       9170.74       1.61001e-10
8203.27       9173.73       -3.02651e-10
8203.27       9176.72       1.71334e-10
8203.27       9179.7       7.72273e-11
8203.27       9182.69       -1.76023e-10
8203.27       9185.67       3.40197e-10
8203.27       9188.66       -6.60104e-11
8203.27       9191.65       7.84684e-12
8203.27       9194.63       3.10591e-10
8203.27       9197.62       -2.08846e-10
8203.27       9200.6       1.51129e-10
8203.27       9203.59       9.62765e-11
8203.27       9206.58       -2.74831e-10
8203.27       9209.56       2.01475e-10
8203.27       9212.55       -1.65852e-10
8203.27       9215.53       -1.95188e-10
8203.27       9218.52       1.79748e-10
8203.27       9221.51       -3.02344e-10
8203.27       9224.49       3.50077e-11
8203.27       9227.48       1.35861e-10
8203.27       9230.46       -2.22676e-10
8203.27       9233.45       3.09406e-10
8203.27       9236.44       7.89721e-11
8203.27       9239.42       1.44766e-12
8203.27       9242.41       4.39713e-10
8203.27       9245.39       -3.45673e-11
8203.27       9248.38       1.76408e-10
8203.27       9251.37       2.91246e-10
8203.27       9254.35       -1.97685e-10
8203.27       9257.34       2.03357e-10
8203.27       9260.33       -3.50372e-11
8203.27       9263.31       -2.66815e-10
8203.27       9266.3       1.6467e-10
8203.27       9269.28       -2.75206e-10
8203.27       9272.27       -1.2116e-10
8203.27       9275.26       1.27153e-10
8203.27       9278.24       -3.2033e-10
8203.27       9281.23       1.00986e-10
8203.27       9284.21       3.79749e-12
8203.27       9287.2       -2.68265e-10
8203.27       9290.19       1.97447e-10
8203.27       9293.17       -1.85555e-10
8203.27       9296.16       -1.20777e-10
8203.27       9299.14       1.9638e-10
8203.27       9302.13       -2.56269e-10
8203.27       9305.12       1.17184e-10
8203.27       9308.1       1.25778e-10
8203.27       9311.09       -1.87986e-10
8203.27       9314.07       2.96252e-10
8203.27       9317.06       -1.28705e-11
8203.27       9320.05       -3.98304e-11
8203.27       9323.03       3.19523e-10
8203.27       9326.02       -1.51614e-10
8203.27       9329       1.19639e-10
8203.27       9331.99       1.77536e-10
8203.27       9334.98       -2.26494e-10
8203.27       9337.96       2.05073e-10
8203.27       9340.95       -6.52315e-11
8203.27       9343.93       -2.06509e-10
8203.27       9346.92       1.74593e-10
8203.27       9349.91       -2.86482e-10
8203.27       9352.89       -9.46721e-11
8203.27       9355.88       5.52291e-11
8203.27       9358.86       -3.64652e-10
8203.27       9361.85       6.75099e-11
8203.27       9364.84       -7.89531e-11
8203.27       9367.82       -2.48983e-10
8203.27       9370.81       2.15493e-10
8203.27       9373.79       -1.53956e-10
8203.27       9376.78       2.58321e-12
8203.27       9379.77       2.6522e-10
8203.27       9382.75       -1.52015e-10
8203.27       9385.74       2.43621e-10
8203.27       9388.73       1.72573e-10
8203.27       9391.71       -9.29795e-11
8203.27       9394.7       3.4581e-10
8203.27       9397.68       -2.2928e-11
8203.27       9400.67       -6.44011e-12
8203.27       9403.66       2.6555e-10
8203.27       9406.64       -2.08002e-10
8203.27       9409.63       9.30032e-11
8203.27       9412.61       8.25566e-11
8203.27       9415.6       -2.50332e-10
8203.27       9418.59       1.96679e-10
8203.27       9421.57       -8.40614e-11
8203.27       9424.56       -1.16857e-10
8203.27       9427.54       2.48301e-10
8203.27       9430.53       -1.798e-10
8203.27       9433.52       7.8839e-11
8203.27       9436.5       1.62144e-10
8203.27       9439.49       -2.28246e-10
8203.27       9442.47       1.74701e-10
8203.27       9445.46       -7.3452e-11
8203.27       9448.45       -2.30336e-10
8203.27       9451.43       1.3716e-10
8203.27       9454.42       -2.91463e-10
8203.27       9457.4       -1.13027e-10
8203.27       9460.39       6.46548e-11
8203.27       9463.38       -3.21956e-10
8203.27       9466.36       9.92511e-11
8203.27       9469.35       -1.61804e-11
8203.27       9472.33       -1.98529e-10
8203.27       9475.32       2.31863e-10
8203.27       9478.31       -1.36765e-10
8203.27       9481.29       -3.35728e-11
8203.27       9484.28       2.05625e-10
8203.27       9487.26       -2.11724e-10
8203.27       9490.25       1.4933e-10
8203.27       9493.24       1.01498e-10
8203.27       9496.22       -1.58424e-10
8203.27       9499.21       2.74373e-10
8203.27       9502.19       -4.8657e-11
8203.27       9505.18       -3.34273e-11
8203.27       9508.17       2.57844e-10
8203.27       9511.15       -1.74361e-10
8203.27       9514.14       1.14676e-10
8203.27       9517.13       1.32911e-10
8203.27       9520.11       -1.96235e-10
8203.27       9523.1       2.22266e-10
8203.27       9526.08       -4.35585e-11
8203.27       9529.07       -1.11264e-10
8203.27       9532.06       2.31705e-10
8203.27       9535.04       -1.88306e-10
8203.27       9538.03       3.38595e-11
8203.27       9541.01       1.32542e-10
8203.27       9544       -2.38059e-10
8203.27       9546.99       1.62626e-10
8203.27       9549.97       -3.00467e-11
8203.27       9552.96       -1.72276e-10
8203.27       9555.94       2.13165e-10
8203.27       9558.93       -1.75706e-10
8203.27       9561.92       -2.16059e-11
8203.27       9564.9       1.5938e-10
8203.27       9567.89       -2.30697e-10
8203.27       9570.87       1.4671e-10
8203.27       9573.86       4.16666e-11
8203.27       9576.85       -1.61551e-10
8203.27       9579.83       2.51396e-10
8203.27       9582.82       -9.29449e-11
8203.27       9585.8       -1.91952e-11
8203.27       9588.79       2.19589e-10
8203.27       9591.78       -2.0042e-10
8203.27       9594.76       1.09118e-10
8203.27       9597.75       5.96941e-11
8203.27       9600.73       -2.29562e-10
8203.27       9603.72       1.68055e-10
8203.27       9606.71       -1.35763e-10
8203.27       9609.69       -1.46055e-10
8203.27       9612.68       1.53519e-10
8203.27       9615.66       -2.54188e-10
8203.27       9618.65       1.47907e-11
8203.27       9621.64       6.67915e-11
8203.27       9624.62       -2.50539e-10
8203.27       9627.61       1.67189e-10
8203.27       9630.59       -4.65693e-11
8203.27       9633.58       -1.10085e-10
8203.27       9636.57       2.55726e-10
8203.27       9639.55       -1.21887e-10
8203.27       9642.54       8.57146e-11
8203.27       9645.53       2.11672e-10
8203.27       9648.51       -1.53076e-10
8203.27       9651.5       2.19829e-10
8203.27       9654.48       4.46754e-11
8203.27       9657.47       -1.32108e-10
8203.27       9660.46       2.23089e-10
8203.27       9663.44       -1.63945e-10
8203.27       9666.43       -6.23159e-11
8203.27       9669.41       1.13378e-10
8203.27       9672.4       -2.87733e-10
8203.27       9675.39       4.97043e-11
8203.27       9678.37       -3.33769e-11
8203.27       9681.36       -2.4763e-10
8203.27       9684.34       1.64438e-10
8206.25       8194.31       8.03331e-08
8206.25       8197.29       3.14634e-07
8206.25       8200.28       6.12176e-07
8206.25       8203.27       1.12736e-06
8206.25       8206.25       1.4525e-06
8206.25       8209.24       1.1293e-06
8206.25       8212.22       6.13887e-07
8206.25       8215.21       3.15446e-07
8206.25       8218.2       7.97207e-08
8206.25       8221.18       -9.24202e-08
8206.25       8224.17       -1.72329e-07
8206.25       8227.15       -2.45626e-07
8206.25       8230.14       -2.73462e-07
8206.25       8233.13       -2.74185e-07
8206.25       8236.11       -2.81189e-07
8206.25       8239.1       -2.584e-07
8206.25       8242.08       -2.39162e-07
8206.25       8245.07       -2.2215e-07
8206.25       8248.06       -1.89155e-07
8206.25       8251.04       -1.70554e-07
8206.25       8254.03       -1.46924e-07
8206.25       8257.01       -1.19767e-07
8206.25       8260       -1.06036e-07
8206.25       8262.99       -8.33125e-08
8206.25       8265.97       -6.64121e-08
8206.25       8268.96       -5.61848e-08
8206.25       8271.94       -3.80319e-08
8206.25       8274.93       -3.02317e-08
8206.25       8277.92       -2.15488e-08
8206.25       8280.9       -9.7259e-09
8206.25       8283.89       -7.68026e-09
8206.25       8286.87       1.24712e-10
8206.25       8289.86       5.33627e-09
8206.25       8292.85       5.028e-09
8206.25       8295.83       1.12162e-08
8206.25       8298.82       1.08266e-08
8206.25       8301.8       1.03646e-08
8206.25       8304.79       1.35884e-08
8206.25       8307.78       9.53581e-09
8206.25       8310.76       9.61306e-09
8206.25       8313.75       9.08251e-09
8206.25       8316.73       3.86244e-09
8206.25       8319.72       4.37363e-09
8206.25       8322.71       1.01866e-09
8206.25       8325.69       -2.41451e-09
8206.25       8328.68       -1.02437e-09
8206.25       8331.67       -4.06657e-09
8206.25       8334.65       -2.78185e-09
8206.25       8337.64       4.57905e-10
8206.25       8340.62       5.61222e-10
8206.25       8343.61       6.01023e-09
8206.25       8346.6       8.80576e-09
8206.25       8349.58       9.89075e-09
8206.25       8352.57       1.40201e-08
8206.25       8355.55       1.27584e-08
8206.25       8358.54       1.26647e-08
8206.25       8361.53       1.33058e-08
8206.25       8364.51       9.70286e-09
8206.25       8367.5       9.89201e-09
8206.25       8370.48       8.5021e-09
8206.25       8373.47       5.62601e-09
8206.25       8376.46       6.66623e-09
8206.25       8379.44       4.3498e-09
8206.25       8382.43       3.39141e-09
8206.25       8385.41       4.37971e-09
8206.25       8388.4       1.87335e-09
8206.25       8391.39       2.62762e-09
8206.25       8394.37       2.63409e-09
8206.25       8397.36       7.3323e-10
8206.25       8400.34       2.33868e-09
8206.25       8403.33       1.14663e-09
8206.25       8406.32       4.51775e-10
8206.25       8409.3       1.85509e-09
8206.25       8412.29       -5.33296e-11
8206.25       8415.27       5.3706e-10
8206.25       8418.26       9.51842e-10
8206.25       8421.25       -8.21033e-10
8206.25       8424.23       5.67254e-10
8206.25       8427.22       -2.26307e-10
8206.25       8430.2       -1.11276e-09
8206.25       8433.19       2.74058e-10
8206.25       8436.18       -1.32375e-09
8206.25       8439.16       -1.01363e-09
8206.25       8442.15       -3.31964e-10
8206.25       8445.13       -1.9359e-09
8206.25       8448.12       -6.7052e-10
8206.25       8451.11       -9.69375e-10
8206.25       8454.09       -1.7904e-09
8206.25       8457.08       -2.09674e-10
8206.25       8460.06       -1.23692e-09
8206.25       8463.05       -8.72721e-10
8206.25       8466.04       3.11562e-10
8206.25       8469.02       -8.27102e-10
8206.25       8472.01       5.53985e-10
8206.25       8475       8.73815e-10
8206.25       8477.98       2.49069e-10
8206.25       8480.97       1.9753e-09
8206.25       8483.95       1.35773e-09
8206.25       8486.94       1.51714e-09
8206.25       8489.93       2.69986e-09
8206.25       8492.91       1.42414e-09
8206.25       8495.9       2.14479e-09
8206.25       8498.88       2.11894e-09
8206.25       8501.87       7.04903e-10
8206.25       8504.86       1.48368e-09
8206.25       8507.84       2.34301e-10
8206.25       8510.83       -6.6388e-10
8206.25       8513.81       -1.6474e-10
8206.25       8516.8       -1.84013e-09
8206.25       8519.79       -1.6041e-09
8206.25       8522.77       -1.3483e-09
8206.25       8525.76       -2.34802e-09
8206.25       8528.74       -9.40787e-10
8206.25       8531.73       -9.6079e-10
8206.25       8534.72       -9.36169e-10
8206.25       8537.7       6.13213e-10
8206.25       8540.69       -8.96963e-11
8206.25       8543.67       4.41407e-10
8206.25       8546.66       1.02509e-09
8206.25       8549.65       -1.21559e-10
8206.25       8552.63       7.46025e-10
8206.25       8555.62       4.13138e-10
8206.25       8558.6       -2.59308e-10
8206.25       8561.59       7.85775e-10
8206.25       8564.58       -1.11683e-10
8206.25       8567.56       2.56512e-11
8206.25       8570.55       6.89878e-10
8206.25       8573.53       -3.77985e-10
8206.25       8576.52       4.09057e-10
8206.25       8579.51       3.43147e-10
8206.25       8582.49       -3.99106e-10
8206.25       8585.48       6.0897e-10
8206.25       8588.46       -1.38373e-10
8206.25       8591.45       -2.16591e-10
8206.25       8594.44       5.07554e-10
8206.25       8597.42       -5.34942e-10
8206.25       8600.41       6.00798e-11
8206.25       8603.4 