11632.4       10361       4.35599e-12
11597.7       10309       -1.12749e-11
11563.1       10257       3.63397e-12
11528.5       10205       6.04681e-11
11493.9       10153       -4.53076e-12
11459.3       10101       -3.96512e-11
11424.7       10049       1.09498e-10
11390       9997.06       -9.30344e-10
11355.4       9945.07       -1.34367e-09
11320.8       9893.07       -8.889e-11
11286.2       9841.08       1.01756e-08
11251.6       9789.09       -4.75085e-09
11217       9737.1       4.78958e-09
11182.3       9685.1       9.01289e-09
11147.7       9633.11       -1.93608e-08
11113.1       9581.12       5.89728e-10
11078.5       9529.13       3.1093e-09
11043.9       9477.13       -1.11943e-08
11009.3       9425.14       -6.79841e-09
10974.6       9373.15       3.05257e-09
10940       9321.16       3.05378e-09
10905.4       9269.16       -7.89339e-10
10870.8       9217.17       1.17686e-09
10836.2       9165.18       5.38074e-10
10801.6       9113.19       -8.83267e-10
10766.9       9061.19       -3.85583e-11
10732.3       9009.2       2.33877e-11
10697.7       8957.21       -2.67823e-12
10663.1       8905.22       5.76963e-13
10628.5       8853.22       2.79814e-13
11615.8       10372.1       1.43635e-12
11580.6       10319.7       -3.79231e-13
11545.4       10267.3       -1.61054e-11
11510.2       10215       -1.01162e-11
11475       10162.6       -6.28349e-12
11439.8       10110.2       -5.75707e-10
11404.6       10057.8       -1.23474e-11
11369.4       10005.5       2.25545e-10
11334.2       9953.09       -1.81383e-09
11299       9900.71       -3.24247e-10
11263.8       9848.34       1.3673e-10
11228.6       9795.96       -2.08024e-08
11193.4       9743.59       -2.378e-09
11158.2       9691.21       -1.04503e-09
11123       9638.84       -4.23484e-09
11087.8       9586.47       -1.57979e-08
11052.6       9534.09       1.76263e-08
11017.4       9481.72       -3.73713e-08
10982.2       9429.34       -4.97836e-09
10947       9376.97       2.10565e-10
10911.8       9324.59       -2.23066e-09
10876.6       9272.22       -3.4179e-09
10841.4       9219.84       2.89308e-09
10806.2       9167.47       -2.00085e-09
10771       9115.1       -1.31186e-10
10735.8       9062.72       5.1966e-12
10700.6       9010.35       -2.341e-11
10665.4       8957.97       1.38764e-12
10630.2       8905.6       5.61703e-14
10595       8853.22       7.43034e-14
11599.3       10383.2       -1.28455e-12
11563.5       10330.5       3.05838e-12
11527.7       10277.7       1.71886e-11
11491.9       10225       -1.25279e-11
11456.1       10172.2       7.31711e-11
11420.3       10119.4       5.79207e-11
11384.5       10066.7       -3.60184e-10
11348.7       10013.9       -9.51704e-11
11312.9       9961.16       -8.75377e-10
11277.1       9908.4       -7.67862e-09
11241.3       9855.64       1.14389e-08
11205.6       9802.88       -8.71664e-09
11169.8       9750.12       1.17311e-08
11134       9697.36       4.62003e-08
11098.2       9644.61       -1.00229e-08
11062.4       9591.85       -9.73559e-10
11026.6       9539.09       1.27054e-09
10990.8       9486.33       -4.54333e-08
10955       9433.57       -3.43131e-09
10919.2       9380.81       3.82247e-09
10883.4       9328.05       -5.16717e-09
10847.6       9275.29       1.17653e-08
10811.8       9222.54       2.06802e-09
10776       9169.78       -5.2167e-10
10740.2       9117.02       3.28474e-10
10704.4       9064.26       -6.8047e-11
10668.6       9011.5       -2.3602e-11
10632.8       8958.74       -4.20726e-13
10597       8905.98       -1.15643e-13
10561.3       8853.22       -1.77008e-13
11582.8       10394.4       3.60608e-12
11546.4       10341.3       -7.41159e-12
11510       10288.2       1.14737e-11
11473.6       10235       -1.61605e-11
11437.2       10181.9       2.82875e-11
11400.9       10128.7       1.04685e-11
11364.5       10075.6       -6.4676e-10
11328.1       10022.4       6.89296e-10
11291.7       9969.28       -1.07274e-09
11255.3       9916.14       -2.02489e-09
11218.9       9862.99       1.13194e-08
11182.5       9809.85       3.6487e-09
11146.1       9756.7       -1.38443e-08
11109.7       9703.55       1.04098e-08
11073.3       9650.41       -6.80403e-09
11036.9       9597.26       1.65123e-08
11000.5       9544.12       -1.50392e-08
10964.1       9490.97       -5.20489e-08
10927.7       9437.83       2.91372e-08
10891.3       9384.68       2.60205e-09
10854.9       9331.54       -1.24698e-09
10818.5       9278.39       4.57446e-09
10782.1       9225.24       -2.42649e-09
10745.7       9172.1       9.44939e-10
10709.3       9118.95       -3.19229e-11
10672.9       9065.81       -3.95777e-11
10636.5       9012.66       1.37902e-11
10600.1       8959.52       -5.0251e-12
10563.7       8906.37       -1.90218e-12
10527.3       8853.22       4.53069e-13
11566.4       10405.7       9.22851e-13
11529.4       10352.2       -3.17107e-11
11492.4       10298.7       3.54678e-12
11455.4       10245.1       8.86582e-12
11418.4       10191.6       -1.05223e-10
11381.4       10138.1       6.07145e-10
11344.4       10084.5       1.17948e-10
11307.4       10031       -4.18088e-10
11270.4       9977.46       5.68549e-10
11233.4       9923.92       -2.79546e-09
11196.4       9870.39       3.41276e-09
11159.3       9816.85       -1.14153e-09
11122.3       9763.32       6.67809e-09
11085.3       9709.78       3.36645e-09
11048.3       9656.25       -5.58327e-08
11011.3       9602.71       1.56626e-08
10974.3       9549.18       -3.00983e-08
10937.3       9495.64       -1.08485e-08
10900.3       9442.11       2.25376e-08
10863.3       9388.57       4.60823e-09
10826.3       9335.04       -1.29994e-09
10789.3       9281.5       2.44141e-09
10752.3       9227.97       -1.1126e-09
10715.3       9174.43       -2.04719e-10
10678.3       9120.9       1.03177e-10
10641.3       9067.36       7.60476e-11
10604.2       9013.83       3.8924e-12
10567.2       8960.29       -5.22008e-12
10530.2       8906.76       -1.37297e-14
10493.2       8853.22       -2.0145e-13
11550.1       10417.1       -1.59622e-12
11512.4       10363.2       5.88882e-12
11474.8       10309.2       -4.73267e-11
11437.2       10255.3       2.60927e-11
11399.6       10201.4       -2.04953e-10
11361.9       10147.5       -6.39786e-11
11324.3       10093.5       -3.30659e-10
11286.7       10039.6       -2.55876e-09
11249.1       9985.69       6.39154e-10
11211.4       9931.76       -8.02034e-09
11173.8       9877.83       1.20022e-09
11136.2       9823.91       -6.10007e-09
11098.5       9769.98       -1.62503e-08
11060.9       9716.05       1.71111e-08
11023.3       9662.13       -2.23691e-08
10985.7       9608.2       4.0142e-08
10948       9554.27       3.27896e-09
10910.4       9500.35       9.65146e-09
10872.8       9446.42       2.84319e-08
10835.2       9392.49       -5.6143e-09
10797.5       9338.57       2.08809e-08
10759.9       9284.64       -7.64032e-10
10722.3       9230.71       3.25686e-09
10684.7       9176.79       1.74914e-09
10647       9122.86       -1.8744e-10
10609.4       9068.93       2.50885e-10
10571.8       9015       -2.489e-11
10534.2       8961.08       3.93097e-12
10496.5       8907.15       -9.99541e-14
10458.9       8853.22       -1.16238e-13
11533.7       10428.5       -8.65269e-12
11495.5       10374.2       4.08257e-12
11457.2       10319.9       -3.71608e-11
11419       10265.6       8.6049e-12
11380.7       10211.3       6.27355e-11
11342.5       10156.9       -1.23212e-10
11304.2       10102.6       1.27164e-09
11266       10048.3       -1.90077e-09
11227.7       9993.97       7.48524e-09
11189.5       9939.65       -8.7848e-09
11151.2       9885.33       1.13626e-08
11113       9831       -1.42344e-08
11074.7       9776.68       -1.63679e-09
11036.4       9722.36       -1.6652e-09
10998.2       9668.04       -1.30445e-08
10959.9       9613.72       2.80542e-08
10921.7       9559.4       -4.75812e-09
10883.4       9505.08       4.35017e-08
10845.2       9450.76       6.74021e-09
10806.9       9396.44       1.8741e-08
10768.7       9342.11       4.59058e-09
10730.4       9287.79       -3.09518e-09
10692.2       9233.47       2.37481e-09
10653.9       9179.15       -1.56604e-09
10615.6       9124.83       1.74536e-10
10577.4       9070.51       -1.85319e-11
10539.1       9016.19       -4.23158e-12
10500.9       8961.87       8.28945e-12
10462.6       8907.55       -2.80064e-13
10424.4       8853.22       2.98341e-13
11517.5       10440       3.76916e-13
11478.6       10385.3       -1.3357e-11
11439.7       10330.6       3.94527e-11
11400.8       10275.9       -7.8413e-12
11361.9       10221.2       9.94984e-11
11323       10166.5       -3.36604e-10
11284.1       10111.7       4.1119e-10
11245.2       10057       -1.63542e-09
11206.4       10002.3       9.79132e-09
11167.5       9947.58       -6.13469e-10
11128.6       9892.86       -1.98679e-09
11089.7       9838.15       -9.78928e-10
11050.8       9783.43       1.20783e-08
11011.9       9728.71       1.87742e-08
10973       9673.99       2.78523e-08
10934.1       9619.27       -1.03254e-08
10895.2       9564.56       -2.47485e-08
10856.3       9509.84       5.64469e-08
10817.4       9455.12       -2.21558e-08
10778.5       9400.4       2.03515e-08
10739.7       9345.69       -9.22873e-09
10700.8       9290.97       3.95835e-10
10661.9       9236.25       1.29222e-09
10623       9181.53       4.48882e-10
10584.1       9126.81       1.51623e-11
10545.2       9072.1       -7.65233e-11
10506.3       9017.38       8.71651e-12
10467.4       8962.66       -2.93307e-12
10428.5       8907.94       1.12738e-12
10389.6       8853.22       -2.01748e-13
11501.3       10451.6       5.21637e-12
11461.7       10396.5       -1.11786e-11
11422.2       10341.4       1.10259e-11
11382.7       10286.3       -6.07741e-11
11343.1       10231.2       6.77507e-12
11303.6       10176       5.48052e-11
11264       10120.9       -7.60892e-11
11224.5       10065.8       -3.62968e-09
11185       10010.7       3.62555e-09
11145.4       9955.57       -9.32283e-10
11105.9       9900.45       -1.26276e-09
11066.4       9845.33       -1.56813e-08
11026.8       9790.21       2.21854e-08
10987.3       9735.1       1.6983e-08
10947.7       9679.98       -1.65752e-08
10908.2       9624.86       1.86229e-08
10868.7       9569.75       1.02859e-08
10829.1       9514.63       1.30642e-08
10789.6       9459.51       1.81219e-08
10750.1       9404.39       -3.88006e-09
10710.5       9349.28       -3.27777e-09
10671       9294.16       1.56875e-08
10631.4       9239.04       -5.75248e-09
10591.9       9183.93       1.51977e-10
10552.4       9128.81       -8.96318e-11
10512.8       9073.69       9.41374e-11
10473.3       9018.58       -2.84333e-11
10433.8       8963.46       1.63399e-12
10394.2       8908.34       -2.04653e-13
10354.7       8853.22       2.93637e-14
11485.1       10463.3       2.33302e-12
11444.9       10407.7       -7.12305e-12
11404.7       10352.2       5.6272e-11
11364.5       10296.7       -6.07169e-11
11324.3       10241.2       1.714e-10
11284.1       10185.7       -4.09896e-10
11244       10130.2       3.5561e-10
11203.8       10074.6       -1.24732e-09
11163.6       10019.1       3.2013e-10
11123.4       9963.6       3.83622e-09
11083.2       9908.08       -6.06428e-09
11043       9852.56       7.89213e-09
11002.8       9797.04       -2.24521e-08
10962.6       9741.52       -3.98719e-08
10922.4       9686       1.82043e-08
10882.2       9630.49       -5.91117e-08
10842       9574.97       6.627e-08
10801.8       9519.45       2.95023e-09
10761.6       9463.93       5.60757e-08
10721.4       9408.41       -1.1257e-08
10681.2       9352.89       9.69956e-09
10641       9297.37       -2.01953e-08
10600.9       9241.85       2.96695e-09
10560.7       9186.34       -1.15216e-09
10520.5       9130.82       1.86947e-11
10480.3       9075.3       1.50966e-11
10440.1       9019.78       1.24661e-11
10399.9       8964.26       -2.04583e-12
10359.7       8908.74       1.88034e-14
10319.5       8853.22       -2.26106e-14
11469       10475       -1.28225e-12
11428.1       10419.1       2.93298e-12
11387.3       10363.1       -2.7625e-11
11346.4       10307.2       2.17548e-11
11305.6       10251.3       -1.35648e-10
11264.7       10195.4       9.19866e-11
11223.8       10139.4       -3.61797e-10
11183       10083.5       1.4938e-09
11142.1       10027.6       8.84786e-10
11101.3       9971.68       6.23974e-10
11060.4       9915.76       8.85908e-09
11019.6       9859.83       -1.88475e-08
10978.7       9803.91       3.23126e-08
10937.8       9747.99       -4.65451e-08
10897       9692.06       6.15482e-08
10856.1       9636.14       -2.40674e-08
10815.3       9580.22       1.06393e-07
10774.4       9524.3       -2.42507e-08
10733.5       9468.37       7.21403e-08
10692.7       9412.45       -1.41074e-08
10651.8       9356.53       5.83567e-09
10611       9300.61       3.78983e-09
10570.1       9244.68       -3.33451e-09
10529.2       9188.76       1.24022e-09
10488.4       9132.84       2.20852e-10
10447.5       9076.91       6.9434e-11
10406.7       9020.99       2.33846e-12
10365.8       8965.07       6.59519e-12
10325       8909.15       -3.45645e-13
10284.1       8853.22       3.0082e-14
11452.9       10486.8       -4.66194e-12
11411.4       10430.4       -4.13169e-12
11369.9       10374.1       -1.1909e-11
11328.3       10317.8       1.79464e-10
11286.8       10261.5       -1.49956e-10
11245.3       10205.1       7.2349e-10
11203.7       10148.8       -2.63903e-10
11162.2       10092.5       -3.46407e-10
11120.7       10036.1       -3.01867e-09
11079.1       9979.81       5.83437e-10
11037.6       9923.48       2.14124e-09
10996.1       9867.15       -3.11922e-08
10954.5       9810.82       6.05101e-08
10913       9754.49       -4.14184e-08
10871.5       9698.16       3.45105e-08
10829.9       9641.83       1.00285e-10
10788.4       9585.5       8.46304e-08
10746.9       9529.17       -1.58567e-08
10705.3       9472.84       -9.93741e-09
10663.8       9416.52       1.14351e-08
10622.3       9360.19       -2.62495e-08
10580.7       9303.86       -1.98521e-10
10539.2       9247.53       1.30231e-09
10497.7       9191.2       4.52662e-10
10456.1       9134.87       -1.27955e-10
10414.6       9078.54       1.53291e-10
10373.1       9022.21       -4.26345e-12
10331.5       8965.88       -4.31822e-12
10290       8909.55       5.18917e-13
10248.5       8853.22       -3.74346e-14
11436.9       10498.6       1.60836e-12
11394.7       10441.9       -9.02556e-12
11352.5       10385.2       1.76494e-11
11310.3       10328.4       7.35848e-11
11268.1       10271.7       -5.1376e-10
11225.8       10214.9       3.37911e-10
11183.6       10158.2       -8.12536e-10
11141.4       10101.5       9.71421e-10
11099.2       10044.7       1.06077e-09
11057       9987.98       -8.57199e-09
11014.8       9931.25       1.53152e-08
10972.5       9874.51       -5.77537e-09
10930.3       9817.77       -6.90096e-09
10888.1       9761.03       -2.73869e-08
10845.9       9704.29       6.68273e-09
10803.7       9647.56       2.107e-08
10761.4       9590.82       -1.07175e-08
10719.2       9534.08       -4.39907e-09
10677       9477.34       -3.98367e-08
10634.8       9420.6       6.57082e-09
10592.6       9363.87       6.40791e-09
10550.4       9307.13       -2.6838e-09
10508.1       9250.39       -1.35826e-10
10465.9       9193.65       -1.12745e-09
10423.7       9136.91       2.58105e-10
10381.5       9080.18       -2.32126e-11
10339.3       9023.44       4.66886e-12
10297       8966.7       1.39362e-13
10254.8       8909.96       -3.54382e-13
10212.6       8853.22       3.74494e-14
11421       10510.6       -3.40201e-12
11378.1       10453.4       -2.67477e-12
11335.2       10396.3       3.17543e-11
11292.2       10339.1       -8.92495e-11
11249.3       10282       4.75783e-10
11206.4       10224.8       -1.33313e-10
11163.5       10167.7       2.57066e-10
11120.6       10110.5       7.9842e-09
11077.7       10053.4       -1.71722e-09
11034.8       9996.21       1.49653e-09
10991.9       9939.06       1.67344e-08
10948.9       9881.91       -4.48398e-08
10906       9824.76       4.79287e-08
10863.1       9767.61       -1.54761e-08
10820.2       9710.46       -1.38624e-07
10777.3       9653.31       6.05729e-08
10734.4       9596.16       -6.59174e-08
10691.5       9539.02       -5.89061e-09
10648.6       9481.87       1.40034e-08
10605.6       9424.72       -2.17791e-08
10562.7       9367.57       7.75927e-09
10519.8       9310.42       7.03512e-10
10476.9       9253.27       1.8106e-09
10434       9196.12       2.05011e-10
10391.1       9138.97       -2.36592e-11
10348.2       9081.82       1.06416e-10
10305.3       9024.67       -2.51912e-13
10262.3       8967.52       1.88469e-13
10219.4       8910.37       1.48916e-13
10176.5       8853.22       -2.01711e-14
11405.1       10522.5       6.91005e-14
11361.5       10465       7.90547e-12
11317.8       10407.4       -2.83745e-12
11274.2       10349.9       -8.11645e-11
11230.6       10292.3       -9.9494e-11
11187       10234.7       1.97054e-10
11143.4       10177.2       -2.75242e-09
11099.8       10119.6       1.92494e-09
11056.1       10062       1.7433e-11
11012.5       10004.5       -3.81208e-09
10968.9       9946.92       1.72112e-08
10925.3       9889.36       -2.0798e-09
10881.7       9831.79       1.77266e-08
10838.1       9774.23       1.05559e-07
10794.4       9716.67       -2.6237e-08
10750.8       9659.11       -2.06793e-08
10707.2       9601.54       5.30285e-08
10663.6       9543.98       -5.74475e-08
10620       9486.42       -5.46165e-09
10576.4       9428.85       -8.21771e-09
10532.7       9371.29       -1.81641e-09
10489.1       9313.73       -1.51317e-09
10445.5       9256.16       6.50168e-10
10401.9       9198.6       -6.02977e-10
10358.3       9141.04       3.26696e-10
10314.7       9083.48       -1.28517e-11
10271       9025.91       1.85714e-12
10227.4       8968.35       1.09954e-12
10183.8       8910.79       -9.61009e-14
10140.2       8853.22       9.5773e-15
11389.2       10534.6       4.19372e-13
11344.9       10476.6       4.36563e-12
11300.6       10418.7       7.59266e-12
11256.2       10360.7       -1.71652e-10
11211.9       10302.7       2.41769e-10
11167.6       10244.7       1.26561e-10
11123.2       10186.7       -4.69009e-10
11078.9       10128.8       3.78684e-09
11034.6       10070.8       -1.141e-08
10990.2       10012.8       2.51038e-09
10945.9       9954.82       2.40809e-08
10901.6       9896.85       -2.79619e-08
10857.3       9838.87       2.00587e-08
10812.9       9780.89       -2.59385e-08
10768.6       9722.91       -6.58747e-09
10724.3       9664.93       -1.65698e-08
10679.9       9606.95       8.40196e-08
10635.6       9548.97       -3.96206e-08
10591.3       9490.99       -4.23012e-08
10546.9       9433.01       1.83056e-08
10502.6       9375.03       -3.84687e-09
10458.3       9317.06       1.71322e-09
10413.9       9259.08       -6.0907e-10
10369.6       9201.1       -4.68512e-10
10325.3       9143.12       8.20273e-11
10280.9       9085.14       8.38895e-12
10236.6       9027.16       1.27754e-12
10192.3       8969.18       -5.30179e-13
10148       8911.2       1.56901e-14
10103.6       8853.22       3.12801e-17
11373.4       10546.7       3.57924e-12
11328.4       10488.4       6.03734e-12
11283.3       10430       -6.85913e-11
11238.3       10371.6       9.91932e-11
11193.2       10313.2       5.02932e-10
11148.1       10254.8       -1.03651e-09
11103.1       10196.4       5.31607e-10
11058       10138       6.34135e-09
11013       10079.6       -1.23543e-08
10967.9       10021.2       -1.08541e-08
10922.9       9962.77       4.82472e-08
10877.8       9904.38       -8.2892e-09
10832.8       9845.98       -8.47627e-08
10787.7       9787.58       8.31632e-08
10742.6       9729.19       5.38645e-08
10697.6       9670.79       -1.39603e-07
10652.5       9612.39       6.9999e-08
10607.5       9553.99       4.17385e-08
10562.4       9495.6       -3.46205e-08
10517.4       9437.2       -8.00513e-10
10472.3       9378.8       7.86838e-09
10427.3       9320.4       -1.25608e-09
10382.2       9262.01       -1.00921e-09
10337.1       9203.61       4.19221e-10
10292.1       9145.21       2.58347e-11
10247       9086.81       -1.697e-11
10202       9028.42       1.6477e-12
10156.9       8970.02       3.39706e-13
10111.9       8911.62       -3.04195e-14
10066.8       8853.22       -1.72493e-15
11357.7       10559       5.68806e-13
11311.9       10500.1       -2.89305e-12
11266.1       10441.3       -9.5933e-12
11220.3       10382.5       -1.24576e-11
11174.5       10323.7       1.23928e-11
11128.7       10264.9       -5.02581e-11
11082.9       10206       -3.04799e-11
11037.1       10147.2       2.34382e-09
10991.4       10088.4       5.82685e-11
10945.6       10029.6       -4.03024e-08
10899.8       9970.77       3.00437e-08
10854       9911.95       1.72228e-08
10808.2       9853.13       -1.27993e-08
10762.4       9794.32       -2.32438e-08
10716.6       9735.5       3.05628e-08
10670.8       9676.68       -2.77199e-08
10625       9617.86       7.09645e-09
10579.2       9559.04       -3.50994e-08
10533.4       9500.22       5.9396e-08
10487.7       9441.41       -5.26e-09
10441.9       9382.59       -1.47783e-08
10396.1       9323.77       1.13935e-09
10350.3       9264.95       1.29168e-09
10304.5       9206.13       -1.1383e-10
10258.7       9147.32       -7.12739e-11
10212.9       9088.5       1.65782e-11
10167.1       9029.68       -1.10396e-12
10121.3       8970.86       -2.43933e-13
10075.5       8912.04       -2.12772e-15
10029.8       8853.22       6.85081e-15
11342       10571.2       1.36944e-12
11295.5       10512       -2.86197e-12
11248.9       10452.7       1.19443e-11
11202.4       10393.5       3.08325e-10
11155.8       10334.3       -4.91016e-10
11109.3       10275       -2.5161e-10
11062.8       10215.8       1.15464e-09
11016.2       10156.5       -1.63849e-09
10969.7       10097.3       6.71435e-10
10923.2       10038.1       -2.75391e-08
10876.6       9978.81       -5.49343e-09
10830.1       9919.57       -7.46292e-09
10783.6       9860.33       -1.00753e-08
10737       9801.09       -2.66207e-08
10690.5       9741.84       -1.3939e-07
10643.9       9682.6       8.9627e-08
10597.4       9623.36       2.13348e-08
10550.9       9564.12       -5.94598e-08
10504.3       9504.88       1.41664e-08
10457.8       9445.64       3.85159e-09
10411.3       9386.4       1.12046e-08
10364.7       9327.15       -2.11161e-10
10318.2       9267.91       -1.95451e-09
10271.7       9208.67       9.25563e-10
10225.1       9149.43       7.03457e-11
10178.6       9090.19       -7.25418e-12
10132       9030.95       -1.90685e-12
10085.5       8971.71       1.84156e-13
10039       8912.47       2.91498e-14
9992.44       8853.22       -2.69418e-15
11326.4       10583.6       1.00076e-12
11279.1       10523.9       2.66773e-12
11231.8       10464.2       3.17657e-11
11184.5       10404.6       -2.45159e-11
11137.2       10344.9       4.88872e-11
11089.9       10285.2       -2.41501e-09
11042.6       10225.6       -2.08937e-10
10995.3       10165.9       4.49189e-09
10948       10106.2       -3.24288e-09
10900.7       10046.6       -2.91883e-08
10853.4       9986.89       1.66092e-08
10806.1       9927.23       7.77303e-08
10758.8       9867.56       -9.06357e-09
10711.5       9807.89       2.10858e-08
10664.3       9748.23       2.46645e-08
10617       9688.56       4.78339e-10
10569.7       9628.89       -3.35031e-08
10522.4       9569.23       4.33129e-08
10475.1       9509.56       -1.25687e-08
10427.8       9449.89       -2.23587e-08
10380.5       9390.23       -1.45009e-10
10333.2       9330.56       1.92914e-09
10285.9       9270.89       1.43902e-09
10238.6       9211.23       -1.37318e-10
10191.3       9151.56       -3.79344e-11
10144       9091.89       9.20028e-12
10096.7       9032.22       3.67598e-12
10049.5       8972.56       -1.53251e-13
10002.2       8912.89       -1.3652e-14
9954.87       8853.22       1.2355e-16
11310.8       10596       3.98762e-14
11262.7       10535.9       2.99165e-12
11214.6       10475.8       -3.28057e-12
11166.6       10415.7       -1.34986e-10
11118.5       10355.6       -8.07762e-12
11070.5       10295.5       9.33728e-10
11022.4       10235.4       8.25758e-10
10974.3       10175.3       -7.08062e-10
10926.3       10115.2       -3.20824e-09
10878.2       10055.1       -5.42441e-09
10830.2       9995.02       -3.01219e-08
10782.1       9934.93       1.28412e-08
10734.1       9874.83       6.11534e-08
10686       9814.74       4.58147e-08
10637.9       9754.64       -2.09122e-08
10589.9       9694.55       3.63843e-08
10541.8       9634.46       -1.09497e-07
10493.8       9574.36       -4.62195e-08
10445.7       9514.27       1.18455e-08
10397.6       9454.17       2.87734e-08
10349.6       9394.08       -3.13794e-09
10301.5       9333.98       -2.77662e-09
10253.5       9273.89       3.4351e-10
10205.4       9213.79       4.05787e-10
10157.3       9153.7       -2.93345e-11
10109.3       9093.6       -4.16607e-12
10061.2       9033.51       -8.14176e-13
10013.2       8973.41       -2.10972e-14
9965.1       8913.32       -4.05091e-16
9917.04       8853.22       6.71181e-16
11295.2       10608.4       3.05902e-12
11246.4       10547.9       -2.13784e-13
11197.6       10487.4       -4.55805e-11
11148.7       10426.9       -2.64663e-12
11099.9       10366.3       -3.494e-10
11051       10305.8       -5.13439e-10
11002.2       10245.3       1.919e-09
10953.4       10184.8       6.1001e-11
10904.5       10124.2       -4.77729e-09
10855.7       10063.7       1.2009e-09
10806.9       10003.2       -5.26405e-08
10758       9942.67       -3.06252e-08
10709.2       9882.15       -1.13303e-08
10660.3       9821.62       2.25653e-08
10611.5       9761.1       1.58822e-08
10562.7       9700.57       -1.3083e-08
10513.8       9640.05       -5.26259e-08
10465       9579.52       -1.87716e-08
10416.2       9519       -1.91046e-08
10367.3       9458.47       -1.64239e-08
10318.5       9397.95       3.31798e-09
10269.6       9337.42       1.37004e-09
10220.8       9276.9       -4.48636e-10
10172       9216.37       -2.49681e-10
10123.1       9155.85       7.46286e-12
10074.3       9095.32       -4.61837e-12
10025.5       9034.8       -4.38904e-13
9976.62       8974.27       -2.84938e-14
9927.78       8913.75       4.71086e-15
9878.94       8853.22       2.67593e-16
11279.8       10621       8.74663e-13
11230.1       10560       -9.16825e-12
11180.5       10499.1       1.41577e-13
11130.9       10438.1       -1.38885e-10
11081.3       10377.2       -1.80661e-10
11031.6       10316.2       -8.90797e-11
10982       10255.2       2.45043e-09
10932.4       10194.3       2.27912e-09
10882.7       10133.3       8.58855e-09
10833.1       10072.4       -3.65261e-10
10783.5       10011.4       -4.25709e-08
10733.9       9950.46       -5.44216e-09
10684.2       9889.5       -6.51005e-08
10634.6       9828.54       3.20129e-08
10585       9767.59       1.03251e-08
10535.4       9706.63       5.54184e-08
10485.7       9645.67       5.10148e-09
10436.1       9584.71       6.15277e-09
10386.5       9523.76       -6.11823e-10
10336.8       9462.8       5.52973e-09
10287.2       9401.84       -1.49155e-09
10237.6       9340.88       -8.59912e-10
10188       9279.93       -7.0836e-10
10138.3       9218.97       8.0252e-11
10088.7       9158.01       -6.30592e-12
10039.1       9097.05       9.86986e-13
9989.46       9036.1       4.74865e-13
9939.83       8975.14       4.06228e-14
9890.2       8914.18       1.48926e-16
9840.58       8853.22       -3.18434e-16
11264.3       10633.6       -1.20615e-12
11213.9       10572.2       4.04657e-13
11163.5       10510.8       -8.02453e-12
11113.1       10449.4       -6.63214e-11
11062.6       10388       2.49563e-10
11012.2       10326.6       1.62406e-09
10961.8       10265.2       -9.7429e-10
10911.3       10203.9       2.71047e-09
10860.9       10142.5       1.42257e-08
10810.5       10081.1       -1.19687e-08
10760.1       10019.7       -2.05633e-09
10709.6       9958.28       1.6738e-08
10659.2       9896.89       -3.73835e-08
10608.8       9835.5       -7.12201e-08
10558.4       9774.11       -5.547e-08
10507.9       9712.72       -1.08938e-08
10457.5       9651.32       -2.15517e-08
10407.1       9589.93       -8.52829e-09
10356.6       9528.54       5.35832e-09
10306.2       9467.15       4.22657e-10
10255.8       9405.75       1.65942e-09
10205.4       9344.36       6.99851e-10
10154.9       9282.97       4.32234e-10
10104.5       9221.58       -4.3632e-11
10054.1       9160.19       -2.25972e-12
10003.6       9098.79       1.9287e-12
9953.22       9037.4       -3.52883e-13
9902.79       8976.01       -1.66709e-14
9852.37       8914.62       -4.25687e-16
9801.94       8853.22       -3.32007e-17
11249       10646.3       2.7052e-13
11197.7       10584.4       -4.43629e-12
11146.5       10522.6       2.68926e-11
11095.3       10460.8       6.85648e-11
11044       10399       2.76799e-10
10992.8       10337.1       1.62674e-12
10941.5       10275.3       3.82564e-09
10890.3       10213.5       2.25631e-09
10839.1       10151.6       2.36445e-09
10787.8       10089.8       7.96524e-09
10736.6       10028       2.1045e-08
10685.3       9966.15       4.28848e-08
10634.1       9904.32       -3.25837e-08
10582.9       9842.5       5.98063e-08
10531.6       9780.67       3.77559e-09
10480.4       9718.84       -2.13153e-08
10429.1       9657.01       -3.53091e-08
10377.9       9595.18       -2.11963e-09
10326.7       9533.35       -1.97515e-09
10275.4       9471.52       -2.8125e-09
10224.2       9409.69       -1.65226e-09
10172.9       9347.86       -9.97269e-10
10121.7       9286.03       4.10469e-11
10070.5       9224.2       -2.59971e-11
10019.2       9162.37       -6.60694e-12
9967.98       9100.54       -1.61381e-12
9916.74       9038.71       -1.08143e-15
9865.5       8976.88       2.645e-16
9814.26       8915.05       -2.50453e-16
9763.02       8853.22       9.01045e-18
11233.7       10659       3.582e-12
11181.6       10596.8       2.9347e-13
11129.5       10534.5       7.95951e-12
11077.5       10472.2       5.52267e-12
11025.4       10409.9       3.53465e-10
10973.3       10347.7       1.01405e-09
10921.3       10285.4       3.4652e-10
10869.2       10223.1       7.61266e-09
10817.2       10160.9       8.03305e-09
10765.1       10098.6       4.04386e-09
10713       10036.3       -7.35758e-09
10661       9974.06       1.6954e-08
10608.9       9911.8       8.56987e-08
10556.8       9849.53       -9.53737e-09
10504.8       9787.26       5.83182e-08
10452.7       9724.99       8.48644e-08
10400.7       9662.72       3.4959e-08
10348.6       9600.45       -5.1812e-09
10296.5       9538.18       -5.32006e-09
10244.5       9475.91       7.61776e-09
10192.4       9413.64       8.45324e-10
10140.3       9351.38       1.25593e-10
10088.3       9289.11       3.4371e-10
10036.2       9226.84       1.06639e-11
9984.14       9164.57       7.78995e-12
9932.08       9102.3       4.11321e-13
9880.02       9040.03       -1.93372e-15
9827.95       8977.76       -1.60435e-15
9775.89       8915.49       -4.57284e-18
9723.83       8853.22       1.91963e-17
11218.4       10671.8       -2.14985e-12
11165.5       10609.1       -5.24531e-13
11112.6       10546.4       5.37829e-11
11059.7       10483.7       3.01615e-11
11006.8       10421       -1.52649e-10
10953.9       10358.3       1.15212e-09
10901       10295.6       4.67434e-09
10848.1       10232.9       1.82251e-09
10795.2       10170.1       -1.63627e-09
10742.3       10107.4       7.03418e-09
10689.4       10044.7       3.16409e-08
10636.5       9982.02       8.33126e-09
10583.6       9919.31       -2.98988e-08
10530.7       9856.59       -1.04694e-08
10477.8       9793.88       2.25914e-08
10424.9       9731.17       -6.22415e-09
10372       9668.46       -2.32379e-08
10319.1       9605.75       -7.88955e-09
10266.2       9543.04       1.68452e-09
10213.3       9480.33       -1.40698e-09
10160.4       9417.62       -8.48178e-10
10107.5       9354.91       1.35776e-10
10054.6       9292.2       1.48124e-10
10001.7       9229.49       -8.41141e-12
9948.84       9166.78       -9.61377e-13
9895.94       9104.07       4.85337e-13
9843.04       9041.36       4.90488e-14
9790.14       8978.65       1.89634e-15
9737.24       8915.93       1.17749e-16
9684.34       8853.22       3.22589e-18
11210       10678.9       4.77517e-13
11157.4       10616.9       -9.55939e-12
11104.8       10554.8       -2.88209e-11
11052.2       10492.7       -7.17128e-12
10999.6       10430.7       -3.1869e-10
10947       10368.6       -7.71989e-10
10894.4       10306.5       6.07571e-10
10841.7       10244.5       4.3791e-09
10789.1       10182.4       1.10251e-08
10736.5       10120.4       -1.34349e-09
10683.9       10058.3       2.58104e-09
10631.3       9996.23       2.14303e-08
10578.7       9934.16       -5.26595e-09
10526.1       9872.1       -2.82477e-08
10473.5       9810.03       -6.25128e-08
10420.9       9747.97       -3.31989e-08
10368.3       9685.91       2.21575e-08
10315.7       9623.84       -1.40729e-09
10263       9561.78       -7.58279e-09
10210.4       9499.71       1.86867e-09
10157.8       9437.65       7.50822e-10
10105.2       9375.59       2.11543e-10
10052.6       9313.52       -9.93994e-13
10000       9251.46       -6.58208e-12
9947.39       9189.39       6.03918e-12
9894.78       9127.33       2.221e-13
9842.17       9065.26       -7.80459e-14
9789.56       9003.2       1.27602e-15
9736.95       8941.14       1.81069e-16
9684.34       8879.07       -3.9141e-18
11201.6       10686       -2.46764e-13
11149.3       10624.6       3.93853e-12
11097       10563.2       1.98395e-11
11044.7       10501.8       6.37852e-11
10992.4       10440.4       3.07476e-11
10940       10378.9       -5.37213e-11
10887.7       10317.5       -5.66004e-09
10835.4       10256.1       -1.33751e-09
10783.1       10194.7       4.44146e-09
10730.8       10133.2       1.52228e-08
10678.4       10071.8       -1.27637e-08
10626.1       10010.4       8.79147e-09
10573.8       9948.97       3.04264e-08
10521.5       9887.55       3.92679e-08
10469.2       9826.12       -4.32229e-08
10416.8       9764.7       -9.90542e-08
10364.5       9703.28       -2.16191e-08
10312.2       9641.85       2.07766e-08
10259.9       9580.43       2.29979e-08
10207.5       9519.01       -1.04962e-09
10155.2       9457.58       -1.41644e-09
10102.9       9396.16       -4.49126e-10
10050.6       9334.74       1.73787e-10
9998.27       9273.31       2.13639e-11
9945.95       9211.89       -6.26615e-12
9893.63       9150.47       -1.62019e-12
9841.31       9089.04       -8.82127e-16
9788.98       9027.62       5.82084e-15
9736.66       8966.2       3.32517e-17
9684.34       8904.78       6.67472e-18
11193.3       10693.2       -2.04031e-12
11141.2       10632.4       -3.89263e-12
11089.2       10571.6       2.19455e-12
11037.2       10510.8       5.79713e-11
10985.2       10450       3.54217e-11
10933.1       10389.2       4.77048e-10
10881.1       10328.5       8.15232e-10
10829.1       10267.7       -6.86267e-09
10777       10206.9       -3.17849e-09
10725       10146.1       -8.86167e-09
10673       10085.3       1.46341e-08
10620.9       10024.5       1.64624e-09
10568.9       9963.73       3.40806e-09
10516.9       9902.94       1.07749e-08
10464.8       9842.15       3.16207e-08
10412.8       9781.37       8.16675e-09
10360.8       9720.58       -5.49054e-08
10308.7       9659.79       -7.01562e-09
10256.7       9599       7.06435e-09
10204.7       9538.21       7.69887e-09
10152.6       9477.42       4.05824e-10
10100.6       9416.64       -6.62666e-10
10048.6       9355.85       -3.65482e-10
9996.54       9295.06       -2.42111e-11
9944.5       9234.27       3.5957e-11
9892.47       9173.48       2.26469e-12
9840.44       9112.7       5.96388e-15
9788.41       9051.91       -2.34416e-14
9736.38       8991.12       -8.2146e-16
9684.34       8930.33       -1.7716e-17
11184.9       10700.3       1.07802e-12
11133.2       10640.2       6.59406e-12
11081.4       10580       -2.05642e-11
11029.7       10519.9       -5.23592e-12
10978       10459.7       1.74017e-10
10926.2       10399.6       -7.02587e-11
10874.5       10339.4       1.96052e-09
10822.7       10279.2       -1.05985e-09
10771       10219.1       8.73888e-10
10719.2       10158.9       -2.07736e-10
10667.5       10098.8       -1.33709e-08
10615.7       10038.6       7.62893e-09
10564       9978.44       2.24366e-08
10512.3       9918.28       -2.02898e-08
10460.5       9858.12       -7.32397e-08
10408.8       9797.97       3.03208e-08
10357       9737.81       1.0073e-08
10305.3       9677.65       -6.81291e-09
10253.5       9617.49       1.303e-09
10201.8       9557.33       -5.65852e-09
10150       9497.17       1.56658e-09
10098.3       9437.01       9.11268e-10
10046.6       9376.86       8.81439e-11
9994.81       9316.7       -1.68293e-11
9943.07       9256.54       -1.44269e-11
9891.32       9196.38       -3.41638e-13
9839.58       9136.22       1.96475e-13
9787.83       9076.06       4.17587e-14
9736.09       9015.91       -8.32746e-16
9684.34       8955.75       -9.34767e-17
11176.6       10707.5       -3.34432e-13
11125.2       10648       1.85777e-12
11073.7       10588.5       -1.80403e-12
11022.2       10528.9       4.45695e-11
10970.8       10469.4       -1.6574e-11
10919.3       10409.8       2.06074e-10
10867.9       10350.3       8.54039e-10
10816.4       10290.8       1.75131e-09
10765       10231.2       -2.80221e-10
10713.5       10171.7       -2.73668e-09
10662       10112.2       1.10415e-08
10610.6       10052.6       1.7781e-08
10559.1       9993.11       2.85351e-08
10507.7       9933.57       -2.51007e-08
10456.2       9874.04       -3.41787e-09
10404.7       9814.5       -1.25577e-08
10353.3       9754.97       4.20918e-08
10301.8       9695.43       1.80201e-08
10250.4       9635.9       4.81484e-09
10198.9       9576.36       -8.26724e-09
10147.5       9516.83       -1.26319e-09
10096       9457.3       2.09915e-10
10044.5       9397.76       3.7045e-10
9993.09       9338.23       6.90615e-11
9941.63       9278.69       -4.9061e-12
9890.17       9219.16       -4.37298e-12
9838.72       9159.62       -4.00027e-13
9787.26       9100.09       5.84972e-14
9735.8       9040.55       3.49193e-15
9684.34       8981.02       1.85126e-16
11168.3       10714.7       -3.19374e-13
11117.1       10655.8       1.77115e-12
11066       10596.9       1.28605e-11
11014.8       10538       -6.59235e-12
10963.6       10479.1       1.90568e-10
10912.5       10420.1       -2.77027e-11
10861.3       10361.2       -6.00802e-10
10810.1       10302.3       2.94575e-09
10758.9       10243.4       6.45163e-10
10707.8       10184.5       -7.71714e-09
10656.6       10125.6       -1.10389e-08
10605.4       10066.6       7.0158e-09
10554.3       10007.7       5.54113e-08
10503.1       9948.81       1.31451e-08
10451.9       9889.89       -1.24789e-07
10400.7       9830.98       -4.89628e-08
10349.6       9772.06       2.91696e-08
10298.4       9713.15       2.67172e-08
10247.2       9654.23       1.99235e-09
10196.1       9595.31       -7.32844e-09
10144.9       9536.4       -1.06112e-09
10093.7       9477.48       7.9954e-12
10042.5       9418.56       -3.74888e-10
9991.37       9359.65       5.70323e-12
9940.2       9300.73       2.6312e-11
9889.03       9241.82       5.34619e-12
9837.86       9182.9       -6.57512e-14
9786.69       9123.98       -1.16552e-13
9735.51       9065.07       -6.32042e-15
9684.34       9006.15       5.27125e-16
11160       10721.9       -1.14092e-12
11109.1       10663.6       -1.2593e-12
11058.2       10605.3       2.88533e-11
11007.4       10547       6.72227e-11
10956.5       10488.7       -1.81666e-11
10905.6       10430.4       -2.06436e-10
10854.7       10372.1       -2.29385e-10
10803.8       10313.8       1.19475e-10
10752.9       10255.5       1.91736e-09
10702       10197.2       5.17023e-09
10651.2       10138.9       -9.51804e-09
10600.3       10080.6       -4.10943e-08
10549.4       10022.3       -1.59021e-08
10498.5       9964       4.87042e-08
10447.6       9905.69       4.64315e-08
10396.7       9847.39       -1.71862e-08
10345.9       9789.09       -4.43042e-08
10295       9730.78       -1.94604e-08
10244.1       9672.48       6.82459e-09
10193.2       9614.18       1.07628e-08
10142.3       9555.87       2.87015e-09
10091.4       9497.57       -6.50001e-10
10040.5       9439.27       -2.53977e-10
9989.66       9380.96       2.74062e-12
9938.77       9322.66       -1.4245e-12
9887.88       9264.36       -2.53905e-13
9837       9206.06       8.59247e-13
9786.11       9147.75       1.40512e-13
9735.23       9089.45       1.2201e-15
9684.34       9031.15       -8.07405e-16
11151.7       10729.2       1.34825e-12
11101.1       10671.5       -2.91527e-12
11050.5       10613.8       -1.1664e-11
10999.9       10556.1       7.13656e-11
10949.3       10498.4       1.81626e-10
10898.7       10440.7       3.71743e-11
10848.1       10383       -7.10752e-11
10797.5       10325.3       -1.90721e-09
10746.9       10267.6       -5.84003e-09
10696.3       10209.9       5.24759e-09
10645.7       10152.2       1.69992e-08
10595.1       10094.5       -2.99907e-09
10544.5       10036.8       -2.68237e-08
10493.9       9979.13       -3.05708e-08
10443.3       9921.44       -4.62156e-08
10392.7       9863.74       -8.22622e-09
10342.1       9806.04       3.94619e-08
10291.5       9748.35       -1.76442e-09
10240.9       9690.65       -2.52697e-08
10190.3       9632.96       -7.93453e-09
10139.7       9575.26       8.33493e-10
10089.1       9517.57       9.76544e-10
10038.5       9459.87       5.51349e-10
9987.94       9402.18       1.25833e-11
9937.34       9344.48       -4.15637e-11
9886.74       9286.78       -7.02868e-12
9836.14       9229.09       1.35292e-12
9785.54       9171.39       4.42611e-14
9734.94       9113.7       8.75481e-15
9684.34       9056       2.84663e-15
11143.5       10736.4       -2.5741e-14
11093.2       10679.3       3.35135e-12
11042.9       10622.2       3.25003e-13
10992.5       10565.2       -4.23627e-11
10942.2       10508.1       6.25415e-11
10891.9       10451       8.00351e-11
10841.6       10393.9       -1.0054e-09
10791.3       10336.8       -1.08134e-09
10741       10279.7       -5.69847e-09
10690.7       10222.6       -5.66119e-09
10640.3       10165.5       1.06498e-08
10590       10108.4       1.219e-08
10539.7       10051.3       6.51586e-09
10489.4       9994.22       1.12312e-08
10439.1       9937.12       -3.21441e-08
10388.8       9880.03       -3.70165e-08
10338.4       9822.94       2.84235e-08
10288.1       9765.84       2.47204e-08
10237.8       9708.75       1.74825e-08
10187.5       9651.66       9.43487e-09
10137.2       9594.56       -5.03687e-09
10086.9       9537.47       -3.0271e-09
10036.6       9480.38       -2.17115e-10
9986.24       9423.28       5.15375e-11
9935.92       9366.19       4.80922e-11
9885.6       9309.1       8.36804e-12
9835.29       9252       -3.60135e-12
9784.97       9194.91       -6.52578e-13
9734.66       9137.82       -1.5204e-14
9684.34       9080.72       -9.92385e-17
11135.3       10743.7       1.05678e-12
11085.2       10687.2       -1.20097e-13
11035.2       10630.7       1.57061e-11
10985.2       10574.2       1.99608e-11
10935.1       10517.7       -1.15021e-10
10885.1       10461.2       1.94731e-11
10835.1       10404.7       2.45312e-10
10785       10348.2       1.61542e-09
10735       10291.7       4.18407e-09
10685       10235.2       -9.39162e-09
10634.9       10178.7       -1.1866e-08
10584.9       10122.2       -5.72423e-10
10534.9       10065.7       7.5387e-10
10484.8       10009.3       2.20214e-08
10434.8       9952.76       -6.76278e-09
10384.8       9896.26       -3.10187e-08
10334.8       9839.76       3.02459e-09
10284.7       9783.27       -1.85772e-08
10234.7       9726.77       -4.10985e-09
10184.7       9670.27       8.3273e-09
10134.6       9613.78       3.74258e-09
10084.6       9557.28       2.56368e-09
10034.6       9500.78       1.19584e-10
9984.53       9444.29       -3.29207e-10
9934.5       9387.79       -1.84231e-11
9884.47       9331.29       7.45821e-13
9834.44       9274.8       4.17004e-12
9784.41       9218.3       8.68519e-13
9734.37       9161.8       -8.73306e-15
9684.34       9105.31       -5.81024e-15
11127       10751       -6.42556e-14
11077.3       10695.1       2.28525e-12
11027.5       10639.2       -6.26517e-12
10977.8       10583.3       8.84982e-12
10928       10527.4       -5.05304e-11
10878.3       10471.5       -2.94838e-10
10828.5       10415.6       1.40252e-09
10778.8       10359.7       -3.81013e-10
10729       10303.8       -1.36214e-10
10679.3       10247.9       2.15152e-09
10629.6       10192       -2.85943e-09
10579.8       10136.1       -3.79032e-09
10530.1       10080.1       -1.69475e-08
10480.3       10024.2       5.24316e-09
10430.6       9968.34       1.70439e-08
10380.8       9912.43       1.58408e-08
10331.1       9856.53       2.30989e-08
10281.3       9800.62       -4.04221e-08
10231.6       9744.72       -6.44178e-09
10181.8       9688.81       1.66857e-09
10132.1       9632.91       -3.61608e-09
10082.3       9577       1.24521e-09
10032.6       9521.1       4.26803e-10
9982.83       9465.19       1.91909e-10
9933.08       9409.29       2.41497e-11
9883.33       9353.38       -8.61213e-12
9833.59       9297.48       -2.34944e-12
9783.84       9241.57       -9.05392e-13
9734.09       9185.67       5.17292e-14
9684.34       9129.76       6.3948e-15
11118.8       10758.3       2.1563e-13
11069.4       10703       -1.54591e-12
11019.9       10647.7       1.84421e-12
10970.4       10592.4       -2.53457e-12
10921       10537       2.93764e-11
10871.5       10481.7       -4.19099e-11
10822       10426.4       -5.56195e-11
10772.6       10371.1       2.44204e-10
10723.1       10315.8       -1.78242e-10
10673.6       10260.5       7.08608e-10
10624.2       10205.1       -2.81915e-09
10574.7       10149.8       6.7844e-09
10525.2       10094.5       -9.28716e-10
10475.8       10039.2       -4.21424e-09
10426.3       9983.86       -1.84635e-08
10376.9       9928.54       -9.94406e-09
10327.4       9873.22       2.33251e-08
10277.9       9817.91       3.25075e-09
10228.5       9762.59       1.26757e-08
10179       9707.27       -1.85818e-09
10129.5       9651.95       8.40826e-11
10080.1       9596.63       -2.05059e-09
10030.6       9541.31       -1.20217e-09
9981.13       9485.99       1.96482e-10
9931.67       9430.67       1.61216e-11
9882.2       9375.36       2.64562e-11
9832.74       9320.04       4.57346e-13
9783.27       9264.72       9.63765e-13
9733.81       9209.4       1.2489e-14
9684.34       9154.08       -3.88838e-14
11110.6       10765.7       -7.05247e-13
11061.5       10710.9       1.47838e-12
11012.3       10656.2       -1.84863e-12
10963.1       10601.4       2.3376e-11
10913.9       10546.7       -1.42926e-10
10864.7       10492       5.44269e-10
10815.5       10437.2       -1.0414e-09
10766.4       10382.5       8.59146e-10
10717.2       10327.8       -2.06103e-10
10668       10273       2.85304e-09
10618.8       10218.3       -3.37751e-09
10569.6       10163.5       6.52546e-09
10520.4       10108.8       -3.83028e-09
10471.3       10054.1       -3.48498e-09
10422.1       9999.33       3.92975e-09
10372.9       9944.6       -1.26554e-08
10323.7       9889.86       2.58994e-09
10274.5       9835.12       -5.43832e-09
10225.4       9780.38       2.55703e-09
10176.2       9725.65       5.1272e-09
10127       9670.91       2.60054e-09
10077.8       9616.17       1.1098e-09
10028.6       9561.43       -1.85738e-10
9979.44       9506.7       -2.66155e-10
9930.26       9451.96       -1.49809e-10
9881.07       9397.22       1.35079e-11
9831.89       9342.48       -7.05343e-12
9782.71       9287.75       2.85125e-12
9733.53       9233.01       2.20135e-13
9684.34       9178.27       4.06539e-14
11102.5       10773       1.88315e-13
11053.6       10718.9       -5.81976e-13
11004.7       10664.7       1.96119e-12
10955.8       10610.5       -2.79828e-12
10906.9       10556.4       3.17616e-11
10858       10502.2       -3.95901e-11
10809.1       10448       1.44698e-10
10760.2       10393.9       -1.51356e-09
10711.3       10339.7       3.45695e-09
10662.4       10285.6       -1.11039e-08
10613.5       10231.4       1.01043e-08
10564.6       10177.2       -2.85607e-09
10515.7       10123.1       7.27743e-09
10466.8       10068.9       1.35221e-10
10417.9       10014.8       -2.78158e-09
10369       9960.59       -1.26802e-08
10320.1       9906.43       -4.35812e-09
10271.2       9852.27       -7.31851e-09
10222.3       9798.11       4.38534e-09
10173.4       9743.95       -1.9157e-09
10124.5       9689.79       4.72276e-09
10075.6       9635.62       -4.55862e-10
10026.7       9581.46       9.3202e-10
9977.75       9527.3       -3.93448e-11
9928.85       9473.14       9.50141e-12
9879.95       9418.98       -2.12581e-11
9831.05       9364.82       -3.67111e-12
9782.15       9310.66       -1.98738e-12
9733.24       9256.49       2.18226e-13
9684.34       9202.33       -1.52251e-14
11094.3       10780.4       -8.20662e-13
11045.7       10726.8       -4.43353e-13
10997.1       10673.2       3.36863e-12
10948.5       10619.6       1.54567e-11
10899.8       10566       2.04238e-12
10851.2       10512.4       -3.40714e-11
10802.6       10458.8       2.78337e-10
10754       10405.3       -5.0156e-10
10705.4       10351.7       -1.23445e-10
10656.7       10298.1       -3.50029e-09
10608.1       10244.5       3.163e-09
10559.5       10190.9       -1.4749e-08
10510.9       10137.3       2.20321e-08
10462.3       10083.7       -4.05598e-09
10413.6       10030.1       1.4228e-08
10365       9976.53       -3.16445e-09
10316.4       9922.94       5.43943e-09
10267.8       9869.35       -2.45366e-08
10219.2       9815.76       -3.18391e-09
10170.5       9762.17       -5.05276e-09
10121.9       9708.58       4.33746e-10
10073.3       9654.99       7.57804e-10
10024.7       9601.4       1.30145e-09
9976.06       9547.81       2.59628e-10
9927.44       9494.22       5.1143e-11
9878.82       9440.63       2.38145e-13
9830.2       9387.04       -1.40728e-12
9781.58       9333.45       -2.47401e-12
9732.96       9279.86       1.81716e-13
9684.34       9226.27       -8.01814e-14
11086.2       10787.8       -1.62832e-13
11037.9       10734.8       -1.87498e-12
10989.5       10681.7       -9.23328e-12
10941.2       10628.7       -1.49514e-11
10892.8       10575.7       -7.84368e-12
10844.5       10522.7       2.16705e-10
10796.2       10469.6       -9.9434e-11
10747.8       10416.6       1.84209e-09
10699.5       10363.6       -1.52691e-09
10651.1       10310.6       -2.06247e-09
10602.8       10257.5       -2.49109e-09
10554.5       10204.5       -1.5712e-09
10506.1       10151.5       7.47424e-10
10457.8       10098.5       -1.1702e-09
10409.4       10045.4       8.47961e-09
10361.1       9992.42       8.02891e-11
10312.8       9939.39       4.11069e-08
10264.4       9886.37       -9.32845e-09
10216.1       9833.34       -1.02269e-09
10167.7       9780.32       -7.67811e-09
10119.4       9727.29       -4.13152e-09
10071.1       9674.27       -1.10254e-09
10022.7       9621.24       -3.75933e-10
9974.38       9568.22       -1.20193e-11
9926.04       9515.2       1.59525e-10
9877.7       9462.17       6.97311e-11
9829.36       9409.15       6.2964e-12
9781.02       9356.12       1.56139e-12
9732.68       9303.1       -3.38614e-13
9684.34       9250.07       -4.66337e-14
11078.1       10795.2       5.04828e-13
11030       10742.7       2.18517e-12
10982       10690.3       1.9474e-11
10933.9       10637.8       -6.42674e-12
10885.8       10585.3       -5.34626e-11
10837.8       10532.9       -5.46178e-10
10789.7       10480.4       -3.41258e-10
10741.7       10428       5.22681e-10
10693.6       10375.5       1.40808e-09
10645.5       10323       7.09558e-09
10597.5       10270.6       1.90066e-09
10549.4       10218.1       3.5538e-09
10501.4       10165.6       -1.61765e-08
10453.3       10113.2       -1.12998e-08
10405.2       10060.7       -5.1567e-09
10357.2       10008.2       4.4214e-10
10309.1       9955.78       1.25131e-08
10261.1       9903.32       5.64997e-09
10213       9850.85       1.87359e-08
10164.9       9798.39       1.81482e-09
10116.9       9745.93       -1.84205e-09
10068.8       9693.46       -2.79955e-09
10020.8       9641       -1.33113e-09
9972.7       9588.54       -2.59212e-10
9924.64       9536.07       -1.66623e-10
9876.58       9483.61       2.27753e-11
9828.52       9431.14       1.01624e-11
9780.46       9378.68       3.14539e-12
9732.4       9326.22       4.22205e-13
9684.34       9273.75       5.51369e-14
11070       10802.6       -3.27915e-13
11022.2       10750.7       2.24447e-15
10974.4       10698.8       6.44075e-13
10926.6       10646.9       3.59994e-11
10878.9       10595       1.40182e-10
10831.1       10543.1       1.4943e-10
10783.3       10491.2       2.7846e-10
10735.5       10439.3       -1.96021e-09
10687.7       10387.4       -2.95713e-09
10640       10335.5       -7.77869e-09
10592.2       10283.6       -1.83984e-09
10544.4       10231.7       7.63706e-09
10496.6       10179.7       7.31169e-09
10448.8       10127.8       8.91582e-09
10401.1       10075.9       -7.89899e-09
10353.3       10024       -2.70386e-08
10305.5       9972.11       -8.48957e-09
10257.7       9920.2       -1.05588e-08
10209.9       9868.3       1.37357e-08
10162.2       9816.39       4.71672e-09
10114.4       9764.48       2.7263e-09
10066.6       9712.57       1.9465e-09
10018.8       9660.67       -3.56383e-10
9971.03       9608.76       3.31304e-10
9923.25       9556.85       -7.3659e-11
9875.47       9504.94       -2.4131e-11
9827.69       9453.03       -3.13882e-12
9779.91       9401.13       -3.42103e-12
9732.12       9349.22       1.49404e-13
9684.34       9297.31       6.81784e-14
11061.9       10810.1       5.77059e-14
11014.4       10758.7       -3.03422e-12
10966.9       10707.4       -2.99825e-12
10919.4       10656       -1.92389e-11
10871.9       10604.7       -1.98535e-11
10824.4       10553.3       1.98884e-10
10776.9       10501.9       4.72343e-10
10729.4       10450.6       1.37573e-09
10681.9       10399.2       2.82805e-09
10634.4       10347.9       -1.20108e-09
10586.9       10296.5       -3.33502e-09
10539.4       10245.2       -9.17102e-09
10491.9       10193.8       -1.72743e-08
10444.4       10142.5       -7.61976e-09
10396.9       10091.1       -6.61474e-09
10349.4       10039.7       1.46403e-08
10301.9       9988.38       2.45468e-08
10254.4       9937.03       1.00327e-08
10206.9       9885.67       7.86541e-09
10159.4       9834.31       -2.32379e-09
10111.9       9782.96       -6.80114e-09
10064.4       9731.6       -3.9926e-10
10016.9       9680.24       -1.2322e-09
9969.36       9628.89       1.33224e-10
9921.85       9577.53       7.37678e-11
9874.35       9526.17       -1.46939e-11
9826.85       9474.82       2.47484e-12
9779.35       9423.46       8.16581e-15
9731.85       9372.1       -5.23153e-13
9684.34       9320.75       1.17045e-13
11053.8       10817.6       -7.88495e-14
11006.6       10766.8       1.69118e-12
10959.4       10715.9       1.73678e-12
10912.2       10665.1       -1.66362e-11
10864.9       10614.3       -7.02143e-12
10817.7       10563.5       -2.09853e-10
10770.5       10512.7       -4.87728e-10
10723.3       10461.9       -2.78015e-11
10676.1       10411.1       -8.3878e-10
10628.8       10360.3       4.53694e-09
10581.6       10309.5       1.24706e-08
10534.4       10258.6       7.18485e-09
10487.2       10207.8       6.43201e-09
10439.9       10157       -5.16922e-10
10392.7       10106.2       -3.33638e-08
10345.5       10055.4       -3.44526e-08
10298.3       10004.6       -3.64865e-08
10251       9953.78       -3.30292e-08
10203.8       9902.97       -1.25948e-09
10156.6       9852.16       6.22831e-09
10109.4       9801.35       8.82352e-09
10062.1       9750.54       7.34994e-09
10014.9       9699.73       2.6652e-09
9967.69       9648.92       3.1851e-10
9920.46       9598.11       1.32426e-10
9873.24       9547.3       -6.28431e-11
9826.02       9496.49       -2.09356e-11
9778.79       9445.68       2.3412e-12
9731.57       9394.87       -7.55543e-13
9684.34       9344.06       1.60239e-14
11045.8       10825.1       -5.9626e-13
10998.9       10774.8       -7.10658e-13
10951.9       10724.5       3.53477e-12
10905       10674.2       1.94981e-11
10858       10624       3.32538e-12
10811.1       10573.7       -8.79672e-11
10764.1       10523.4       -1.98073e-10
10717.2       10473.2       -7.92226e-10
10670.2       10422.9       -2.23824e-09
10623.3       10372.6       -1.83453e-09
10576.3       10322.4       -4.6824e-09
10529.4       10272.1       -2.21289e-09
10482.4       10221.8       1.49349e-08
10435.5       10171.6       1.97108e-08
10388.5       10121.3       2.28566e-08
10341.6       10071       2.42914e-08
10294.7       10020.7       1.2326e-08
10247.7       9970.48       -9.19819e-09
10200.8       9920.21       -1.71956e-08
10153.8       9869.94       -2.00442e-08
10106.9       9819.67       -1.79232e-08
10059.9       9769.4       -4.8125e-09
10013       9719.14       -1.31114e-09
9966.02       9668.87       -3.83249e-10
9919.08       9618.6       3.83432e-10
9872.13       9568.33       2.34456e-10
9825.18       9518.06       7.74181e-11
9778.24       9467.79       2.0955e-11
9731.29       9417.52       3.05664e-12
9684.34       9367.25       5.85984e-14
11037.8       10832.6       4.25129e-13
10991.1       10782.8       -3.90774e-13
10944.4       10733.1       4.44412e-12
10897.8       10683.4       1.30444e-11
10851.1       10633.6       3.72988e-11
10804.4       10583.9       9.64383e-11
10757.8       10534.2       3.83336e-11
10711.1       10484.4       -7.09121e-13
10664.4       10434.7       -4.44325e-10
10617.7       10385       -3.35922e-09
10571.1       10335.2       -7.97708e-09
10524.4       10285.5       -1.17596e-08
10477.7       10235.8       -2.18213e-09
10431.1       10186       -3.16611e-09
10384.4       10136.3       -4.30075e-09
10337.7       10086.6       1.6134e-08
10291.1       10036.8       2.45191e-08
10244.4       9987.12       2.19973e-08
10197.7       9937.38       2.05502e-08
10151       9887.65       1.14733e-08
10104.4       9837.92       3.54003e-09
10057.7       9788.18       -2.48216e-10
10011       9738.45       -1.55551e-09
9964.36       9688.72       -1.8776e-09
9917.69       9638.99       -1.19396e-09
9871.02       9589.25       -2.73404e-10
9824.35       9539.52       -7.6695e-11
9777.68       9489.79       -2.38105e-11
9731.01       9440.06       -9.74946e-13
9684.34       9390.32       5.75612e-13
11029.8       10840.1       3.56321e-13
10983.4       10790.9       -3.97525e-13
10937       10741.7       -3.26984e-12
10890.6       10692.5       2.85327e-12
10844.2       10643.3       2.33861e-11
10797.8       10594.1       8.06334e-11
10751.4       10544.9       1.04616e-10
10705       10495.7       4.21842e-10
10658.6       10446.5       1.93629e-09
10612.2       10397.3       -1.33592e-09
10565.8       10348.1       -2.40756e-09
10519.4       10298.9       5.83469e-09
10473       10249.7       -8.45035e-09
10426.6       10200.5       -1.22904e-08
10380.3       10151.3       -5.80405e-09
10333.9       10102.1       -9.42014e-09
10287.5       10052.9       -8.87641e-09
10241.1       10003.7       -5.08251e-09
10194.7       9954.49       9.32044e-09
10148.3       9905.29       8.80653e-09
10101.9       9856.09       5.39563e-09
10055.5       9806.89       6.70424e-09
10009.1       9757.68       3.51626e-09
9962.71       9708.48       1.40461e-09
9916.31       9659.28       3.79759e-10
9869.92       9610.08       5.63697e-11
9823.53       9560.88       9.56593e-13
9777.13       9511.68       -1.8204e-11
9730.74       9462.48       -6.58467e-12
9684.34       9413.28       -1.48972e-12
11021.8       10847.7       2.8261e-12
10975.7       10799       2.40083e-14
10929.5       10750.3       -1.04583e-12
10883.4       10701.6       4.60584e-12
10837.3       10653       -4.02431e-11
10791.2       10604.3       1.46713e-11
10745.1       10555.6       1.92307e-10
10699       10506.9       2.3326e-10
10652.8       10458.3       4.99583e-10
10606.7       10409.6       1.29241e-09
10560.6       10360.9       2.73271e-09
10514.5       10312.2       7.26735e-09
10468.4       10263.6       -2.21741e-09
10422.2       10214.9       -1.6935e-09
10376.1       10166.2       -1.49521e-09
10330       10117.5       -5.58487e-09
10283.9       10068.9       -1.30177e-08
10237.8       10020.2       -1.59115e-08
10191.6       9971.53       2.78967e-09
10145.5       9922.85       -7.74224e-09
10099.4       9874.18       -2.7087e-09
10053.3       9825.51       -5.96845e-10
10007.2       9776.83       1.55864e-09
9961.06       9728.16       9.5691e-10
9914.94       9679.49       4.35366e-10
9868.82       9630.81       1.99511e-10
9822.7       9582.14       1.17862e-10
9776.58       9533.47       2.58367e-11
9730.46       9484.79       5.76006e-12
9684.34       9436.12       2.32191e-13
11013.8       10855.2       -7.99591e-13
10968       10807.1       2.19605e-13
10922.1       10758.9       -1.48265e-12
10876.3       10710.8       -2.7563e-12
10830.4       10662.6       -7.82982e-12
10784.6       10614.5       7.22691e-11
10738.8       10566.3       2.26716e-11
10692.9       10518.2       -1.32704e-10
10647.1       10470       3.84923e-10
10601.2       10421.9       1.61962e-09
10555.4       10373.7       3.94667e-09
10509.5       10325.6       -1.28234e-09
10463.7       10277.4       6.51072e-09
10417.8       10229.3       3.9302e-09
10372       10181.1       6.74896e-09
10326.2       10133       -4.94172e-10
10280.3       10084.8       -2.59197e-09
10234.5       10036.7       -2.15849e-09
10188.6       9988.5       -2.79212e-09
10142.8       9940.35       -1.23177e-09
10096.9       9892.2       -6.37057e-09
10051.1       9844.05       -3.55253e-09
10005.3       9795.9       -9.16266e-10
9959.41       9747.75       -2.71277e-10
9913.56       9699.6       -1.70785e-10
9867.72       9651.45       -1.58333e-10
9821.88       9603.29       4.82393e-11
9776.03       9555.14       1.38949e-11
9730.19       9506.99       5.75868e-12
9684.34       9458.84       6.666e-13
11005.9       10862.8       6.31731e-12
10960.3       10815.2       3.31574e-13
10914.7       10767.5       -6.26034e-12
10869.2       10719.9       -8.27745e-12
10823.6       10672.3       -4.6852e-11
10778       10624.6       -7.62407e-11
10732.4       10577       -1.28832e-10
10686.9       10529.4       2.24652e-12
10641.3       10481.7       4.29366e-10
10595.7       10434.1       1.87898e-09
10550.2       10386.5       1.43304e-09
10504.6       10338.8       1.83132e-09
10459       10291.2       1.02139e-08
10413.5       10243.6       6.5219e-09
10367.9       10195.9       1.18498e-08
10322.3       10148.3       7.17164e-09
10276.7       10100.7       -1.3878e-09
10231.2       10053       1.42165e-08
10185.6       10005.4       7.45423e-09
10140       9957.78       2.63938e-09
10094.5       9910.15       7.49361e-10
10048.9       9862.51       -1.29793e-09
10003.3       9814.88       3.84665e-10
9957.76       9767.25       3.99673e-11
9912.19       9719.62       -2.02684e-10
9866.62       9671.98       -1.26057e-10
9821.05       9624.35       -4.11049e-11
9775.48       9576.72       -6.91931e-12
9729.91       9529.08       -4.65247e-13
9684.34       9481.45       8.97566e-13
10997.9       10870.4       -2.06638e-11
10952.6       10823.3       -2.86723e-12
10907.3       10776.2       6.3978e-12
10862       10729.1       3.64427e-12
10816.7       10681.9       -4.9736e-11
10771.4       10634.8       -2.24899e-10
10726.2       10587.7       -4.04038e-10
10680.9       10540.6       -8.82894e-10
10635.6       10493.5       -3.12443e-09
10590.3       10446.3       -5.80191e-09
10545       10399.2       -6.163e-09
10499.7       10352.1       -6.77893e-09
10454.4       10305       -6.14054e-09
10409.1       10257.9       -2.08549e-10
10363.8       10210.7       1.96875e-09
10318.5       10163.6       5.42213e-09
10273.2       10116.5       1.13936e-08
10227.9       10069.4       1.58197e-08
10182.6       10022.3       1.83298e-08
10137.3       9975.14       1.65389e-08
10092       9928.02       7.65033e-09
10046.7       9880.9       4.1475e-09
10001.4       9833.78       3.82397e-09
9956.12       9786.66       2.04846e-09
9910.82       9739.54       6.85344e-10
9865.53       9692.42       2.65568e-10
9820.23       9645.3       6.31956e-11
9774.94       9598.18       1.80234e-12
9729.64       9551.07       5.45152e-12
9684.34       9503.95       2.84181e-12
10990       10878       -1.34595e-11
10945       10831.4       -7.47098e-12
10900       10784.8       1.88426e-11
10854.9       10738.2       6.81739e-11
10809.9       10691.6       1.91141e-10
10764.9       10645       4.93591e-10
10719.9       10598.4       9.95034e-10
10674.9       10551.8       1.74144e-09
10629.8       10505.2       2.69899e-09
10584.8       10458.5       3.84112e-09
10539.8       10411.9       4.03292e-09
10494.8       10365.3       1.69749e-10
10449.7       10318.7       -1.0223e-08
10404.7       10272.1       -2.81707e-08
10359.7       10225.5       -2.17501e-08
10314.7       10178.9       -3.07235e-08
10269.6       10132.3       -3.57265e-08
10224.6       10085.7       -3.21794e-08
10179.6       10039       -2.42713e-08
10134.6       9992.44       -1.68732e-08
10089.6       9945.83       -1.07669e-08
10044.5       9899.22       -5.67169e-09
9999.51       9852.6       -7.97476e-10
9954.48       9805.99       1.2024e-09
9909.46       9759.38       1.09212e-09
9864.44       9712.77       5.42908e-10
9819.41       9666.16       2.35347e-10
9774.39       9619.55       9.0266e-11
9729.37       9572.94       2.96097e-11
9684.34       9526.33       8.31756e-12
10982.1       10885.7       4.84011e-12
10937.4       10839.6       -1.96742e-12
10892.6       10793.5       5.08033e-12
10847.9       10747.4       2.24633e-11
10803.1       10701.3       5.99479e-11
10758.4       10655.2       1.65605e-10
10713.6       10609.1       4.56183e-10
10668.9       10562.9       1.45048e-09
10624.1       10516.8       3.85863e-09
10579.4       10470.7       8.8431e-09
10534.6       10424.6       1.77132e-08
10489.9       10378.5       3.00611e-08
10445.1       10332.4       4.6863e-08
10400.4       10286.3       6.68275e-08
10355.6       10240.2       4.36242e-08
10310.9       10194.1       5.0728e-08
10266.1       10148       5.18307e-08
10221.4       10101.9       4.78772e-08
10176.6       10055.8       3.56121e-08
10131.9       10009.7       2.04155e-08
10087.1       9963.56       7.47849e-09
10042.4       9917.45       -9.46257e-10
9997.6       9871.35       -2.39154e-09
9952.85       9825.24       -2.18947e-09
9908.1       9779.13       -1.44618e-09
9863.35       9733.03       -8.18448e-10
9818.6       9686.92       -4.53812e-10
9773.85       9640.81       -1.99893e-10
9729.09       9594.71       -7.13812e-11
9684.34       9548.6       -1.80494e-11
10974.2       10893.4       -4.34368e-11
10929.8       10847.7       -1.78781e-11
10885.3       10802.1       5.66887e-12
10840.8       10756.5       2.72605e-11
10796.3       10710.9       7.03269e-11
10751.8       10665.3       1.83755e-10
10707.4       10619.7       4.80095e-10
10662.9       10574.1       1.20542e-09
10618.4       10528.5       2.65589e-09
10573.9       10482.9       5.11248e-09
10529.4       10437.3       8.97659e-09
10485       10391.7       1.5709e-08
10440.5       10346.1       2.70351e-08
10396       10300.5       4.47322e-08
10351.5       10254.9       3.52503e-08
10307.1       10209.3       5.11397e-08
10262.6       10163.6       6.10998e-08
10218.1       10118       6.60774e-08
10173.6       10072.4       6.30976e-08
10129.1       10026.8       5.50963e-08
10084.7       9981.22       4.42306e-08
10040.2       9935.61       3.24877e-08
9995.7       9890.01       2.19039e-08
9951.22       9844.4       1.30708e-08
9906.74       9798.79       6.82065e-09
9862.26       9753.19       3.10009e-09
9817.78       9707.58       1.22387e-09
9773.3       9661.97       4.15314e-10
9728.82       9616.37       1.21082e-10
9684.34       9570.76       3.09319e-11
10966.4       10901       -1.11477e-10
10922.2       10855.9       -6.51779e-11
10878       10810.8       5.4673e-12
10833.8       10765.7       8.84058e-11
10789.5       10720.6       2.03175e-10
10745.3       10675.5       4.42915e-10
10701.1       10630.4       9.16181e-10
10656.9       10585.3       1.80011e-09
10612.7       10540.1       3.3683e-09
10568.5       10495       6.02557e-09
10524.3       10449.9       1.08525e-08
10480.1       10404.8       1.82989e-08
10435.9       10359.7       2.88667e-08
10391.7       10314.6       4.2487e-08
10347.5       10269.5       5.82885e-08
10303.3       10224.4       3.7497e-08
10259       10179.3       4.26517e-08
10214.8       10134.1       4.48935e-08
10170.6       10089       4.34861e-08
10126.4       10043.9       3.86481e-08
10082.2       9998.81       3.13892e-08
10038       9953.7       2.31949e-08
9993.8       9908.59       1.56312e-08
9949.59       9863.48       1.02327e-08
9905.38       9818.37       6.0189e-09
9861.18       9773.26       3.11244e-09
9816.97       9728.15       1.41675e-09
9772.76       9683.04       5.64705e-10
9728.55       9637.93       1.97263e-10
9684.34       9592.81       5.87032e-11
10958.5       10908.7       -4.98009e-11
10914.6       10864.1       -3.40213e-11
10870.7       10819.5       -3.33798e-12
10826.7       10774.9       1.71392e-11
10782.8       10730.3       2.37404e-11
10738.8       10685.6       2.39343e-11
10694.9       10641       1.09689e-10
10651       10596.4       3.96668e-10
10607       10551.8       1.03737e-09
10563.1       10507.2       2.25827e-09
10519.2       10462.5       4.17678e-09
10475.2       10417.9       5.08276e-09
10431.3       10373.3       6.72428e-09
10387.3       10328.7       1.04683e-08
10343.4       10284.1       1.83486e-08
10299.5       10239.4       1.3118e-08
10255.5       10194.8       1.16732e-08
10211.6       10150.2       8.31699e-09
10167.7       10105.6       3.55217e-09
10123.7       10061       -1.33404e-09
10079.8       10016.3       4.37011e-10
10035.8       9971.72       2.7539e-09
9991.91       9927.1       3.20495e-09
9947.97       9882.48       2.60173e-09
9904.03       9837.86       1.64332e-09
9860.09       9793.24       7.04664e-10
9816.16       9748.62       3.04034e-10
9772.22       9704       1.31607e-10
9728.28       9659.38       5.52027e-11
9684.34       9614.76       1.92416e-11
10950.7       10916.5       8.01411e-10
10907       10872.3       5.09003e-10
10863.4       10828.2       1.30938e-10
10819.7       10784.1       -2.69508e-10
10776       10739.9       -7.74626e-10
10732.4       10695.8       -1.86741e-09
10688.7       10651.7       -4.12897e-09
10645       10607.5       -8.47148e-09
10601.4       10563.4       -1.70105e-08
10557.7       10519.3       -3.18856e-08
10514       10475.1       -5.63115e-08
10470.4       10431       -9.32027e-08
10426.7       10386.9       -1.45175e-07
10383       10342.7       -2.0788e-07
10339.4       10298.6       -2.72853e-07
10295.7       10254.5       -1.7253e-07
10252       10210.3       -1.97508e-07
10208.4       10166.2       -2.0935e-07
10164.7       10122.1       -2.02565e-07
10121       10077.9       -1.81712e-07
10077.4       10033.8       -1.48875e-07
10033.7       9989.66       -1.11293e-07
9990.02       9945.53       -7.53549e-08
9946.35       9901.4       -4.61948e-08
9902.68       9857.26       -2.55643e-08
9859.02       9813.13       -1.27223e-08
9815.35       9769       -5.67992e-09
9771.68       9724.86       -2.24529e-09
9728.01       9680.73       -7.91636e-10
9684.34       9636.6       -2.50477e-10
10942.9       10924.2       2.84363e-09
10899.5       10880.6       1.90871e-09
10856.1       10836.9       7.12416e-10
10812.7       10793.3       -6.71933e-10
10769.3       10749.6       -2.21459e-09
10725.9       10705.9       -5.21458e-09
10682.5       10662.3       -1.16048e-08
10639.1       10618.6       -2.47692e-08
10595.7       10575       -4.9114e-08
10552.3       10531.3       -9.05433e-08
10508.9       10487.7       -1.65117e-07
10465.5       10444       -2.7033e-07
10422.1       10400.4       -4.05078e-07
10378.7       10356.7       -5.98391e-07
10335.3       10313.1       -8.21471e-07
10291.9       10269.4       -9.80055e-07
10248.5       10225.8       -5.67449e-07
10205.1       10182.1       -6.33796e-07
10161.7       10138.5       -5.9509e-07
10118.3       10094.8       -5.37004e-07
10074.9       10051.2       -4.61731e-07
10031.5       10007.5       -3.43549e-07
9988.14       9963.88       -2.32969e-07
9944.74       9920.23       -1.50008e-07
9901.34       9876.58       -8.49217e-08
9857.94       9832.93       -4.26315e-08
9814.54       9789.28       -1.99217e-08
9771.14       9745.63       -8.22422e-09
9727.74       9701.98       -2.99605e-09
9684.34       9658.33       -9.81528e-10
10935.1       10932       -8.67972e-09
10892       10888.8       -6.07022e-09
10848.9       10845.6       -2.85609e-09
10805.7       10802.4       9.8374e-10
10762.6       10759.3       5.19266e-09
10719.5       10716.1       1.19277e-08
10676.3       10672.9       2.57814e-08
10633.2       10629.8       5.63084e-08
10590.1       10586.6       1.04586e-07
10547       10543.4       2.04842e-07
10503.8       10500.2       3.58602e-07
10460.7       10457.1       5.66637e-07
10417.6       10413.9       9.20096e-07
10374.4       10370.7       1.27465e-06
10331.3       10327.5       1.7534e-06
10288.2       10284.4       2.21437e-06
10245       10241.2       1.20999e-06
10201.9       10198       1.3755e-06
10158.8       10154.9       1.3322e-06
10115.6       10111.7       1.22377e-06
10072.5       10068.5       1.04671e-06
10029.4       10025.3       7.64733e-07
9986.26       9982.16       5.64632e-07
9943.13       9938.99       3.56154e-07
9900       9895.82       2.04357e-07
9856.87       9852.65       1.09891e-07
9813.73       9809.47       4.98521e-08
9770.6       9766.3       2.18956e-08
9727.47       9723.13       8.27336e-09
9684.34       9679.96       2.73407e-09
10927.4       10939.7       2.84703e-09
10884.5       10897       1.98407e-09
10841.6       10854.3       1.0452e-09
10798.8       10811.6       -6.10997e-11
10755.9       10768.9       -1.19145e-09
10713       10726.2       -3.00945e-09
10670.2       10683.5       -5.9914e-09
10627.3       10640.8       -1.43774e-08
10584.5       10598.2       -2.43662e-08
10541.6       10555.5       -5.51075e-08
10498.7       10512.8       -7.92233e-08
10455.9       10470.1       -1.56003e-07
10413       10427.4       -2.0265e-07
10370.1       10384.7       -3.40217e-07
10327.3       10342       -4.00914e-07
10284.4       10299.3       -5.66479e-07
10241.6       10256.6       -2.98299e-07
10198.7       10213.9       -3.50291e-07
10155.8       10171.2       -3.3344e-07
10113       10128.5       -3.21411e-07
10070.1       10085.8       -2.71403e-07
10027.2       10043.1       -2.10527e-07
9984.38       10000.4       -1.49907e-07
9941.52       9957.67       -9.69401e-08
9898.66       9914.97       -5.72546e-08
9855.79       9872.27       -3.07162e-08
9812.93       9829.57       -1.47948e-08
9770.07       9786.88       -6.51362e-09
9727.21       9744.18       -2.51421e-09
9684.34       9701.48       -8.97612e-10
10919.6       10947.5       2.13646e-09
10877       10905.3       1.54779e-09
10834.4       10863.1       9.13291e-10
10791.8       10820.9       1.30324e-10
10749.2       10778.6       -6.75884e-10
10706.6       10736.4       -1.59355e-09
10664       10694.2       -3.51149e-09
10621.4       10651.9       -7.16547e-09
10578.8       10609.7       -1.40126e-08
10536.3       10567.5       -2.58579e-08
10493.7       10525.2       -4.45453e-08
10451.1       10483       -7.37896e-08
10408.5       10440.8       -1.11041e-07
10365.9       10398.6       -1.6207e-07
10323.3       10356.3       -2.13825e-07
10280.7       10314.1       -2.70928e-07
10238.1       10271.9       -3.06901e-07
10195.5       10229.6       -1.68201e-07
10152.9       10187.4       -1.68826e-07
10110.3       10145.2       -1.55016e-07
10067.7       10103       -1.34118e-07
10025.1       10060.7       -1.02994e-07
9982.51       10018.5       -7.58808e-08
9939.92       9976.27       -4.88889e-08
9897.32       9934.04       -2.98786e-08
9854.73       9891.81       -1.61106e-08
9812.13       9849.58       -7.99038e-09
9769.53       9807.36       -3.55443e-09
9726.94       9765.13       -1.42305e-09
9684.34       9722.9       -5.1091e-10
10911.9       10955.4       2.60016e-10
10869.6       10913.6       1.96894e-10
10827.2       10871.8       1.17602e-10
10784.9       10830.1       3.27694e-11
10742.6       10788.3       -4.9789e-11
10700.2       10746.5       -1.28302e-10
10657.9       10704.8       -2.74143e-10
10615.6       10663       -5.24739e-10
10573.3       10621.2       -9.07003e-10
10530.9       10579.5       -2.00294e-09
10488.6       10537.7       -2.95626e-09
10446.3       10496       -4.92169e-09
10403.9       10454.2       -8.88553e-09
10361.6       10412.4       -1.0736e-08
10319.3       10370.7       -1.67502e-08
10276.9       10328.9       -2.25537e-08
10234.6       10287.1       -2.43166e-08
10192.3       10245.4       -1.50786e-08
10150       10203.6       -1.46697e-08
10107.6       10161.8       -1.30903e-08
10065.3       10120.1       -1.24792e-08
10023       10078.3       -8.71837e-09
9980.65       10036.6       -6.1207e-09
9938.32       9994.8       -4.37826e-09
9895.99       9953.03       -2.11933e-09
9853.66       9911.27       -1.32227e-09
9811.33       9869.51       -6.81871e-10
9769       9827.74       -2.14851e-10
9726.67       9785.98       -1.25924e-10
9684.34       9744.22       -4.33696e-11
