#k_size_bessel = 25000
#tau_size_selection = 50
#Gaussian z1=1.66792, z2= 1.83296 (0.0001)
#rsd-rsd
#tau1      tau2         l(l+1)Dl(tau1,tau2)
#l = 2
9107.76     9107.76      1.00999e-05
9210.97     9107.76      -2.30673e-07
9210.97     9210.97      1.09124e-05
9314.18     9107.76      -6.94674e-07
9314.18     9210.97      -2.53752e-07
9314.18     9314.18      1.17889e-05
9417.39     9107.76      -4.04315e-07
9417.39     9210.97      -7.54884e-07
9417.39     9314.18      -2.78085e-07
9417.39     9417.39      1.27384e-05
9520.61     9107.76      -2.67101e-07
9520.61     9210.97      -4.39962e-07
9520.61     9314.18      -8.1809e-07
9520.61     9417.39      -3.02653e-07
9520.61     9520.61      1.37662e-05
9623.82     9107.76      -1.86882e-07
9623.82     9210.97      -2.90296e-07
9623.82     9314.18      -4.76618e-07
9623.82     9417.39      -8.8564e-07
9623.82     9520.61      -3.29289e-07
9623.82     9623.82      1.48781e-05
9727.03     9107.76      -1.51655e-07
9727.03     9210.97      -2.02624e-07
9727.03     9314.18      -3.14462e-07
9727.03     9417.39      -5.16171e-07
9727.03     9520.61      -9.58959e-07
9727.03     9623.82      -3.57857e-07
9727.03     9727.03      1.60815e-05
9830.24     9107.76      -1.18756e-07
9830.24     9210.97      -1.64252e-07
9830.24     9314.18      -2.19491e-07
9830.24     9417.39      -3.40754e-07
9830.24     9520.61      -5.58566e-07
9830.24     9623.82      -1.03782e-06
9830.24     9727.03      -3.89517e-07
9830.24     9830.24      1.73848e-05
9933.45     9107.76      -9.59428e-08
9933.45     9210.97      -1.28545e-07
9933.45     9314.18      -1.7797e-07
9933.45     9417.39      -2.37249e-07
9933.45     9520.61      -3.68576e-07
9933.45     9623.82      -6.05011e-07
9933.45     9727.03      -1.12376e-06
9933.45     9830.24      -4.23747e-07
9933.45     9933.45      1.87986e-05
10036.7     9107.76      -8.27395e-08
10036.7     9210.97      -1.0388e-07
10036.7     9314.18      -1.38595e-07
10036.7     9417.39      -1.92107e-07
10036.7     9520.61      -2.56913e-07
10036.7     9623.82      -3.99088e-07
10036.7     9727.03      -6.54992e-07
10036.7     9830.24      -1.21627e-06
10036.7     9933.45      -4.61339e-07
10036.7     10036.7      2.03302e-05
10139.9     9107.76      -6.93872e-08
10139.9     9210.97      -8.8867e-08
10139.9     9314.18      -1.11723e-07
10139.9     9417.39      -1.49864e-07
10139.9     9520.61      -2.0773e-07
10139.9     9623.82      -2.77792e-07
10139.9     9727.03      -4.31347e-07
10139.9     9830.24      -7.0939e-07
10139.9     9933.45      -1.31802e-06
10139.9     10036.7      -5.02509e-07
10139.9     10139.9      2.19928e-05
10243.1     9107.76      -6.62343e-08
10243.1     9210.97      -7.42605e-08
10243.1     9314.18      -9.5861e-08
10243.1     9417.39      -1.20492e-07
10243.1     9520.61      -1.61597e-07
10243.1     9623.82      -2.23785e-07
10243.1     9727.03      -3.00507e-07
10243.1     9830.24      -4.6754e-07
10243.1     9933.45      -7.68511e-07
10243.1     10036.7      -1.42822e-06
10243.1     10139.9      -5.47915e-07
10243.1     10243.1      2.3799e-05
10346.3     9107.76      -5.35833e-08
10346.3     9210.97      -7.12572e-08
10346.3     9314.18      -7.97876e-08
10346.3     9417.39      -1.02928e-07
10346.3     9520.61      -1.29072e-07
10346.3     9623.82      -1.74337e-07
10346.3     9727.03      -2.42296e-07
10346.3     9830.24      -3.25089e-07
10346.3     9933.45      -5.06363e-07
10346.3     10036.7      -8.33044e-07
10346.3     10139.9      -1.54919e-06
10346.3     10243.1      -5.97826e-07
10346.3     10346.3      2.5766e-05
10449.5     9107.76      -4.75123e-08
10449.5     9210.97      -5.73225e-08
10449.5     9314.18      -7.61652e-08
10449.5     9417.39      -8.48201e-08
10449.5     9520.61      -1.10564e-07
10449.5     9623.82      -1.39417e-07
10449.5     9727.03      -1.87999e-07
10449.5     9830.24      -2.61785e-07
10449.5     9933.45      -3.51926e-07
10449.5     10036.7      -5.49443e-07
10449.5     10139.9      -9.03236e-07
10449.5     10243.1      -1.67936e-06
10449.5     10346.3      -6.52581e-07
10449.5     10449.5      2.79042e-05
10552.7     9107.76      -4.68525e-08
10552.7     9210.97      -5.03966e-08
10552.7     9314.18      -6.04061e-08
10552.7     9417.39      -8.14448e-08
10552.7     9520.61      -9.12969e-08
10552.7     9623.82      -1.18659e-07
10552.7     9727.03      -1.49989e-07
10552.7     9830.24      -2.02907e-07
10552.7     9933.45      -2.83772e-07
10552.7     10036.7      -3.80991e-07
10552.7     10139.9      -5.94631e-07
10552.7     10243.1      -9.79592e-07
10552.7     10346.3      -1.82248e-06
10552.7     10449.5      -7.13123e-07
10552.7     10552.7      3.02373e-05
10655.9     9107.76      -3.98551e-08
10655.9     9210.97      -4.9023e-08
10655.9     9314.18      -5.34659e-08
10655.9     9417.39      -6.47558e-08
10655.9     9520.61      -8.69645e-08
10655.9     9623.82      -9.76382e-08
10655.9     9727.03      -1.27466e-07
10655.9     9830.24      -1.62217e-07
10655.9     9933.45      -2.18914e-07
10655.9     10036.7      -3.05859e-07
10655.9     10139.9      -4.12333e-07
10655.9     10243.1      -6.44791e-07
10655.9     10346.3      -1.06312e-06
10655.9     10449.5      -1.97787e-06
10655.9     10552.7      -7.79965e-07
10655.9     10655.9      3.27833e-05
10759.2     9107.76      -3.67802e-08
10759.2     9210.97      -4.20326e-08
10759.2     9314.18      -5.23712e-08
10759.2     9417.39      -5.65713e-08
10759.2     9520.61      -6.87674e-08
10759.2     9623.82      -9.29452e-08
10759.2     9727.03      -1.05221e-07
10759.2     9830.24      -1.36776e-07
10759.2     9933.45      -1.73604e-07
10759.2     10036.7      -2.35909e-07
10759.2     10139.9      -3.30659e-07
10759.2     10243.1      -4.46481e-07
10759.2     10346.3      -6.98399e-07
10759.2     10449.5      -1.15418e-06
10759.2     10552.7      -2.15046e-06
10759.2     10655.9      -8.5563e-07
10759.2     10759.2      3.55647e-05
10862.4     9107.76      -2.91763e-08
10862.4     9210.97      -3.91237e-08
10862.4     9314.18      -4.41692e-08
10862.4     9417.39      -5.52886e-08
10862.4     9520.61      -5.99189e-08
10862.4     9623.82      -7.38077e-08
10862.4     9727.03      -9.91551e-08
10862.4     9830.24      -1.11511e-07
10862.4     9933.45      -1.46423e-07
10862.4     10036.7      -1.86658e-07
10862.4     10139.9      -2.54297e-07
10862.4     10243.1      -3.5642e-07
10862.4     10346.3      -4.83444e-07
10862.4     10449.5      -7.59328e-07
10862.4     10552.7      -1.25547e-06
10862.4     10655.9      -2.33973e-06
10862.4     10759.2      -9.39858e-07
10862.4     10862.4      3.86079e-05
10965.6     9107.76      -3.03e-08
10965.6     9210.97      -3.02697e-08
10965.6     9314.18      -4.09497e-08
10965.6     9417.39      -4.6463e-08
10965.6     9520.61      -5.91364e-08
10965.6     9623.82      -6.32554e-08
10965.6     9727.03      -7.73086e-08
10965.6     9830.24      -1.05398e-07
10965.6     9933.45      -1.18967e-07
10965.6     10036.7      -1.56738e-07
10965.6     10139.9      -1.99504e-07
10965.6     10243.1      -2.73909e-07
10965.6     10346.3      -3.86761e-07
10965.6     10449.5      -5.2522e-07
10965.6     10552.7      -8.25864e-07
10965.6     10655.9      -1.3668e-06
10965.6     10759.2      -2.5502e-06
10965.6     10862.4      -1.0377e-06
10965.6     10965.6      4.19466e-05
11068.8     9107.76      -2.93812e-08
11068.8     9210.97      -3.14238e-08
11068.8     9314.18      -3.14288e-08
11068.8     9417.39      -4.36134e-08
11068.8     9520.61      -4.86509e-08
11068.8     9623.82      -6.1323e-08
11068.8     9727.03      -6.63378e-08
11068.8     9830.24      -8.16973e-08
11068.8     9933.45      -1.11956e-07
11068.8     10036.7      -1.25641e-07
11068.8     10139.9      -1.67429e-07
11068.8     10243.1      -2.15603e-07
11068.8     10346.3      -2.96558e-07
11068.8     10449.5      -4.19507e-07
11068.8     10552.7      -5.70906e-07
11068.8     10655.9      -9.01168e-07
11068.8     10759.2      -1.49301e-06
11068.8     10862.4      -2.7843e-06
11068.8     10965.6      -1.15001e-06
11068.8     11068.8      4.56107e-05
11172     9107.76      -2.08221e-08
11172     9210.97      -3.05404e-08
11172     9314.18      -3.33305e-08
11172     9417.39      -3.23874e-08
11172     9520.61      -4.45062e-08
11172     9623.82      -5.0474e-08
11172     9727.03      -6.42626e-08
11172     9830.24      -6.94265e-08
11172     9933.45      -8.499e-08
11172     10036.7      -1.18501e-07
11172     10139.9      -1.34922e-07
11172     10243.1      -1.80228e-07
11172     10346.3      -2.3265e-07
11172     10449.5      -3.21075e-07
11172     10552.7      -4.5746e-07
11172     10655.9      -6.24712e-07
11172     10759.2      -9.86055e-07
11172     10862.4      -1.63493e-06
11172     10965.6      -3.04778e-06
11172     11068.8      -1.28144e-06
11172     11172      4.96419e-05
11275.2     9107.76      -1.87301e-08
11275.2     9210.97      -2.19427e-08
11275.2     9314.18      -3.15144e-08
11275.2     9417.39      -3.33978e-08
11275.2     9520.61      -3.28691e-08
11275.2     9623.82      -4.6037e-08
11275.2     9727.03      -5.21814e-08
11275.2     9830.24      -6.59493e-08
11275.2     9933.45      -7.21477e-08
11275.2     10036.7      -9.0548e-08
11275.2     10139.9      -1.26723e-07
11275.2     10243.1      -1.44441e-07
11275.2     10346.3      -1.93879e-07
11275.2     10449.5      -2.53247e-07
11275.2     10552.7      -3.51457e-07
11275.2     10655.9      -5.01081e-07
11275.2     10759.2      -6.86528e-07
11275.2     10862.4      -1.08444e-06
11275.2     10965.6      -1.7973e-06
11275.2     11068.8      -3.34255e-06
11275.2     11172      -1.42576e-06
11275.2     11275.2      5.41077e-05
11378.4     9107.76      -1.59171e-08
11378.4     9210.97      -1.8812e-08
11378.4     9314.18      -2.11536e-08
11378.4     9417.39      -3.20138e-08
11378.4     9520.61      -3.40232e-08
11378.4     9623.82      -3.31058e-08
11378.4     9727.03      -4.61658e-08
11378.4     9830.24      -5.33674e-08
11378.4     9933.45      -6.97366e-08
11378.4     10036.7      -7.61532e-08
11378.4     10139.9      -9.59479e-08
11378.4     10243.1      -1.35292e-07
11378.4     10346.3      -1.56712e-07
11378.4     10449.5      -2.12209e-07
11378.4     10552.7      -2.77634e-07
11378.4     10655.9      -3.87313e-07
11378.4     10759.2      -5.53636e-07
11378.4     10862.4      -7.59931e-07
11378.4     10965.6      -1.19602e-06
11378.4     11068.8      -1.97357e-06
11378.4     11172      -3.65955e-06
11378.4     11275.2      -1.57584e-06
11378.4     11378.4      5.90648e-05
11481.6     9107.76      -1.70507e-08
11481.6     9210.97      -1.47186e-08
11481.6     9314.18      -1.83336e-08
11481.6     9417.39      -2.08513e-08
11481.6     9520.61      -3.22702e-08
11481.6     9623.82      -3.31443e-08
11481.6     9727.03      -3.26599e-08
11481.6     9830.24      -4.8238e-08
11481.6     9933.45      -5.56792e-08
11481.6     10036.7      -7.31553e-08
11481.6     10139.9      -8.00514e-08
11481.6     10243.1      -1.03662e-07
11481.6     10346.3      -1.48014e-07
11481.6     10449.5      -1.71863e-07
11481.6     10552.7      -2.34695e-07
11481.6     10655.9      -3.08875e-07
11481.6     10759.2      -4.3185e-07
11481.6     10862.4      -6.14176e-07
11481.6     10965.6      -8.3722e-07
11481.6     11068.8      -1.30911e-06
11481.6     11172      -2.15609e-06
11481.6     11275.2      -4.00157e-06
11481.6     11378.4      -1.73923e-06
11481.6     11481.6      6.45625e-05
11584.8     9107.76      -1.25595e-08
11584.8     9210.97      -1.65542e-08
11584.8     9314.18      -1.39765e-08
11584.8     9417.39      -1.75239e-08
11584.8     9520.61      -1.89473e-08
11584.8     9623.82      -3.18342e-08
11584.8     9727.03      -3.41056e-08
11584.8     9830.24      -3.31776e-08
11584.8     9933.45      -4.9765e-08
11584.8     10036.7      -5.76989e-08
11584.8     10139.9      -7.86821e-08
11584.8     10243.1      -8.76378e-08
11584.8     10346.3      -1.13817e-07
11584.8     10449.5      -1.64322e-07
11584.8     10552.7      -1.92928e-07
11584.8     10655.9      -2.64495e-07
11584.8     10759.2      -3.45823e-07
11584.8     10862.4      -4.77036e-07
11584.8     10965.6      -6.70439e-07
11584.8     11068.8      -9.09385e-07
11584.8     11172      -1.42343e-06
11584.8     11275.2      -2.35237e-06
11584.8     11378.4      -4.3859e-06
11584.8     11481.6      -1.93523e-06
11584.8     11584.8      7.06891e-05
11688.1     9107.76      -5.49151e-09
11688.1     9210.97      -1.1801e-08
11688.1     9314.18      -1.57237e-08
11688.1     9417.39      -1.15719e-08
11688.1     9520.61      -1.58939e-08
11688.1     9623.82      -1.87818e-08
11688.1     9727.03      -3.23568e-08
11688.1     9830.24      -3.43846e-08
11688.1     9933.45      -3.32003e-08
11688.1     10036.7      -5.32043e-08
11688.1     10139.9      -6.32355e-08
11688.1     10243.1      -8.64278e-08
11688.1     10346.3      -9.83078e-08
11688.1     10449.5      -1.29414e-07
11688.1     10552.7      -1.87369e-07
11688.1     10655.9      -2.18693e-07
11688.1     10759.2      -2.93344e-07
11688.1     10862.4      -3.75789e-07
11688.1     10965.6      -5.13291e-07
11688.1     11068.8      -7.21086e-07
11688.1     11172      -9.81814e-07
11688.1     11275.2      -1.5524e-06
11688.1     11378.4      -2.58101e-06
11688.1     11481.6      -4.82206e-06
11688.1     11584.8      -2.16046e-06
11688.1     11688.1      7.75446e-05
11791.3     9107.76      -5.92156e-09
11791.3     9210.97      -3.83768e-09
11791.3     9314.18      -9.36227e-09
11791.3     9417.39      -1.40415e-08
11791.3     9520.61      -1.08438e-08
11791.3     9623.82      -1.50919e-08
11791.3     9727.03      -1.77988e-08
11791.3     9830.24      -3.23545e-08
11791.3     9933.45      -3.64298e-08
11791.3     10036.7      -3.65424e-08
11791.3     10139.9      -5.86662e-08
11791.3     10243.1      -7.16694e-08
11791.3     10346.3      -9.94479e-08
11791.3     10449.5      -1.15229e-07
11791.3     10552.7      -1.49264e-07
11791.3     10655.9      -2.08835e-07
11791.3     10759.2      -2.36228e-07
11791.3     10862.4      -3.11303e-07
11791.3     10965.6      -3.96963e-07
11791.3     11068.8      -5.45318e-07
11791.3     11172      -7.7826e-07
11791.3     11275.2      -1.07099e-06
11791.3     11378.4      -1.70109e-06
11791.3     11481.6      -2.83711e-06
11791.3     11584.8      -5.31375e-06
11791.3     11688.1      -2.42324e-06
11791.3     11791.3      8.52276e-05
11894.5     9107.76      -4.18651e-09
11894.5     9210.97      -3.0677e-09
11894.5     9314.18      -1.21903e-09
11894.5     9417.39      -8.59319e-09
11894.5     9520.61      -1.31689e-08
11894.5     9623.82      -9.2049e-09
11894.5     9727.03      -1.35925e-08
11894.5     9830.24      -1.84454e-08
11894.5     9933.45      -3.56941e-08
11894.5     10036.7      -4.03781e-08
11894.5     10139.9      -4.26204e-08
11894.5     10243.1      -6.9287e-08
11894.5     10346.3      -8.63082e-08
11894.5     10449.5      -1.16641e-07
11894.5     10552.7      -1.30075e-07
11894.5     10655.9      -1.60382e-07
11894.5     10759.2      -2.18645e-07
11894.5     10862.4      -2.43538e-07
11894.5     10965.6      -3.22871e-07
11894.5     11068.8      -4.21129e-07
11894.5     11172      -5.89069e-07
11894.5     11275.2      -8.46111e-07
11894.5     11378.4      -1.16993e-06
11894.5     11481.6      -1.86785e-06
11894.5     11584.8      -3.12854e-06
11894.5     11688.1      -5.87375e-06
11894.5     11791.3      -2.72816e-06
11894.5     11894.5      9.39032e-05
11997.7     9107.76      -2.84289e-09
11997.7     9210.97      -1.72014e-09
11997.7     9314.18      -1.82023e-09
11997.7     9417.39      7.11848e-10
11997.7     9520.61      -6.87247e-09
11997.7     9623.82      -1.15359e-08
11997.7     9727.03      -9.09374e-09
11997.7     9830.24      -1.52838e-08
11997.7     9933.45      -2.08709e-08
11997.7     10036.7      -4.18271e-08
11997.7     10139.9      -4.94233e-08
11997.7     10243.1      -5.4841e-08
11997.7     10346.3      -8.40754e-08
11997.7     10449.5      -9.88469e-08
11997.7     10552.7      -1.24935e-07
11997.7     10655.9      -1.32594e-07
11997.7     10759.2      -1.60548e-07
11997.7     10862.4      -2.21063e-07
11997.7     10965.6      -2.52171e-07
11997.7     11068.8      -3.43675e-07
11997.7     11172      -4.51806e-07
11997.7     11275.2      -6.36643e-07
11997.7     11378.4      -9.21299e-07
11997.7     11481.6      -1.2827e-06
11997.7     11584.8      -2.05833e-06
11997.7     11688.1      -3.45799e-06
11997.7     11791.3      -6.50909e-06
11997.7     11894.5      -3.08996e-06
11997.7     11997.7      0.000103736
12100.9     9107.76      2.81811e-09
12100.9     9210.97      -1.73733e-09
12100.9     9314.18      6.53761e-11
12100.9     9417.39      4.9646e-10
12100.9     9520.61      3.588e-09
12100.9     9623.82      -6.63267e-09
12100.9     9727.03      -1.30712e-08
12100.9     9830.24      -1.06745e-08
12100.9     9933.45      -1.96285e-08
12100.9     10036.7      -2.83595e-08
12100.9     10139.9      -5.43214e-08
12100.9     10243.1      -6.27235e-08
12100.9     10346.3      -6.4944e-08
12100.9     10449.5      -8.98568e-08
12100.9     10552.7      -9.88579e-08
12100.9     10655.9      -1.21963e-07
12100.9     10759.2      -1.26814e-07
12100.9     10862.4      -1.61204e-07
12100.9     10965.6      -2.31707e-07
12100.9     11068.8      -2.6543e-07
12100.9     11172      -3.65333e-07
12100.9     11275.2      -4.84908e-07
12100.9     11378.4      -6.91068e-07
12100.9     11481.6      -1.00719e-06
12100.9     11584.8      -1.40797e-06
12100.9     11688.1      -2.27129e-06
12100.9     11791.3      -3.83644e-06
12100.9     11894.5      -7.24684e-06
12100.9     11997.7      -3.52116e-06
12100.9     12100.9      0.00011493
12204.1     9107.76      6.19625e-09
12204.1     9210.97      4.89839e-09
12204.1     9314.18      5.00281e-10
12204.1     9417.39      2.87212e-09
12204.1     9520.61      1.46689e-09
12204.1     9623.82      3.4395e-09
12204.1     9727.03      -8.06752e-09
12204.1     9830.24      -1.72681e-08
12204.1     9933.45      -1.73466e-08
12204.1     10036.7      -3.03769e-08
12204.1     10139.9      -4.02558e-08
12204.1     10243.1      -6.50412e-08
12204.1     10346.3      -6.70476e-08
12204.1     10449.5      -6.23438e-08
12204.1     10552.7      -8.41404e-08
12204.1     10655.9      -9.02954e-08
12204.1     10759.2      -1.19146e-07
12204.1     10862.4      -1.28424e-07
12204.1     10965.6      -1.65724e-07
12204.1     11068.8      -2.4209e-07
12204.1     11172      -2.79015e-07
12204.1     11275.2      -3.90601e-07
12204.1     11378.4      -5.23283e-07
12204.1     11481.6      -7.49897e-07
12204.1     11584.8      -1.10066e-06
12204.1     11688.1      -1.55287e-06
12204.1     11791.3      -2.52366e-06
12204.1     11894.5      -4.27403e-06
12204.1     11997.7      -8.08889e-06
12204.1     12100.9      -4.02961e-06
12204.1     12204.1      0.000127778
12307.3     9107.76      3.66565e-09
12307.3     9210.97      9.16022e-09
12307.3     9314.18      8.1391e-09
12307.3     9417.39      1.456e-09
12307.3     9520.61      2.70134e-09
12307.3     9623.82      9.00817e-10
12307.3     9727.03      7.99566e-10
12307.3     9830.24      -1.47065e-08
12307.3     9933.45      -2.81034e-08
12307.3     10036.7      -2.86605e-08
12307.3     10139.9      -3.94718e-08
12307.3     10243.1      -4.32468e-08
12307.3     10346.3      -6.32472e-08
12307.3     10449.5      -5.96984e-08
12307.3     10552.7      -5.08245e-08
12307.3     10655.9      -7.83031e-08
12307.3     10759.2      -8.89563e-08
12307.3     10862.4      -1.1992e-07
12307.3     10965.6      -1.28766e-07
12307.3     11068.8      -1.69639e-07
12307.3     11172      -2.54796e-07
12307.3     11275.2      -2.95434e-07
12307.3     11378.4      -4.16418e-07
12307.3     11481.6      -5.62567e-07
12307.3     11584.8      -8.18704e-07
12307.3     11688.1      -1.21579e-06
12307.3     11791.3      -1.72046e-06
12307.3     11894.5      -2.80314e-06
12307.3     11997.7      -4.77346e-06
12307.3     12100.9      -9.06655e-06
12307.3     12204.1      -4.63976e-06
12307.3     12307.3      0.000142645
12410.5     9107.76      7.08349e-09
12410.5     9210.97      6.82941e-09
12410.5     9314.18      1.1059e-08
12410.5     9417.39      8.50871e-09
12410.5     9520.61      9.26816e-10
12410.5     9623.82      4.10383e-11
12410.5     9727.03      -4.86302e-09
12410.5     9830.24      -8.55493e-09
12410.5     9933.45      -2.63725e-08
12410.5     10036.7      -3.76447e-08
12410.5     10139.9      -3.12245e-08
12410.5     10243.1      -3.5952e-08
12410.5     10346.3      -3.44343e-08
12410.5     10449.5      -5.25717e-08
12410.5     10552.7      -5.20094e-08
12410.5     10655.9      -4.63346e-08
12410.5     10759.2      -7.58774e-08
12410.5     10862.4      -8.61159e-08
12410.5     10965.6      -1.19733e-07
12410.5     11068.8      -1.30287e-07
12410.5     11172      -1.75336e-07
12410.5     11275.2      -2.66551e-07
12410.5     11378.4      -3.09858e-07
12410.5     11481.6      -4.47598e-07
12410.5     11584.8      -6.15792e-07
12410.5     11688.1      -8.9886e-07
12410.5     11791.3      -1.33591e-06
12410.5     11894.5      -1.90542e-06
12410.5     11997.7      -3.12456e-06
12410.5     12100.9      -5.34946e-06
12410.5     12204.1      -1.01954e-05
12410.5     12307.3      -5.3634e-06
12410.5     12410.5      0.000159902
12513.8     9107.76      9.50223e-09
12513.8     9210.97      8.79397e-09
12513.8     9314.18      7.20916e-09
12513.8     9417.39      1.17045e-08
12513.8     9520.61      6.50278e-09
12513.8     9623.82      -4.88964e-09
12513.8     9727.03      -9.59019e-09
12513.8     9830.24      -1.59223e-08
12513.8     9933.45      -1.68334e-08
12513.8     10036.7      -2.96215e-08
12513.8     10139.9      -3.47315e-08
12513.8     10243.1      -2.19188e-08
12513.8     10346.3      -2.32566e-08
12513.8     10449.5      -2.51152e-08
12513.8     10552.7      -4.92402e-08
12513.8     10655.9      -4.76755e-08
12513.8     10759.2      -4.00873e-08
12513.8     10862.4      -7.22696e-08
12513.8     10965.6      -8.42848e-08
12513.8     11068.8      -1.21028e-07
12513.8     11172      -1.29558e-07
12513.8     11275.2      -1.77899e-07
12513.8     11378.4      -2.82167e-07
12513.8     11481.6      -3.35197e-07
12513.8     11584.8      -4.85172e-07
12513.8     11688.1      -6.65192e-07
12513.8     11791.3      -9.8283e-07
12513.8     11894.5      -1.47205e-06
12513.8     11997.7      -2.11432e-06
12513.8     12100.9      -3.48121e-06
12513.8     12204.1      -6.00443e-06
12513.8     12307.3      -1.15438e-05
12513.8     12410.5      -6.26679e-06
12513.8     12513.8      0.000180196
12617     9107.76      1.20762e-08
12617     9210.97      1.02365e-08
12617     9314.18      9.36541e-09
12617     9417.39      5.32883e-09
12617     9520.61      7.18127e-09
12617     9623.82      -2.67078e-09
12617     9727.03      -1.64371e-08
12617     9830.24      -1.86045e-08
12617     9933.45      -1.87512e-08
12617     10036.7      -1.26024e-08
12617     10139.9      -2.10965e-08
12617     10243.1      -2.25832e-08
12617     10346.3      -1.1987e-08
12617     10449.5      -1.78206e-08
12617     10552.7      -1.91804e-08
12617     10655.9      -4.44577e-08
12617     10759.2      -4.19928e-08
12617     10862.4      -3.45876e-08
12617     10965.6      -6.9956e-08
12617     11068.8      -7.9971e-08
12617     11172      -1.18734e-07
12617     11275.2      -1.31251e-07
12617     11378.4      -1.90426e-07
12617     11481.6      -3.02633e-07
12617     11584.8      -3.53077e-07
12617     11688.1      -5.20636e-07
12617     11791.3      -7.19911e-07
12617     11894.5      -1.07447e-06
12617     11997.7      -1.61166e-06
12617     12100.9      -2.33479e-06
12617     12204.1      -3.91136e-06
12617     12307.3      -6.78881e-06
12617     12410.5      -1.3126e-05
12617     12513.8      -7.36867e-06
12617     12617      0.000204277
12720.2     9107.76      1.13253e-08
12720.2     9210.97      1.32476e-08
12720.2     9314.18      8.90345e-09
12720.2     9417.39      4.74072e-09
12720.2     9520.61      -3.93767e-09
12720.2     9623.82      -3.35287e-09
12720.2     9727.03      -1.1647e-08
12720.2     9830.24      -2.01527e-08
12720.2     9933.45      -1.53113e-08
12720.2     10036.7      -9.67359e-09
12720.2     10139.9      1.22131e-09
12720.2     10243.1      -1.20141e-08
12720.2     10346.3      -1.79251e-08
12720.2     10449.5      -5.52388e-09
12720.2     10552.7      -1.07369e-08
12720.2     10655.9      -1.18274e-08
12720.2     10759.2      -4.08232e-08
12720.2     10862.4      -3.74538e-08
12720.2     10965.6      -2.62411e-08
12720.2     11068.8      -6.37115e-08
12720.2     11172      -7.78927e-08
12720.2     11275.2      -1.26304e-07
12720.2     11378.4      -1.36455e-07
12720.2     11481.6      -1.94274e-07
12720.2     11584.8      -3.19215e-07
12720.2     11688.1      -3.72298e-07
12720.2     11791.3      -5.56767e-07
12720.2     11894.5      -7.6508e-07
12720.2     11997.7      -1.15766e-06
12720.2     12100.9      -1.7847e-06
12720.2     12204.1      -2.60063e-06
12720.2     12307.3      -4.39091e-06
12720.2     12410.5      -7.69341e-06
12720.2     12513.8      -1.5038e-05
12720.2     12617      -8.79932e-06
12720.2     12720.2      0.000233161
12823.4     9107.76      9.33194e-09
12823.4     9210.97      1.04853e-08
12823.4     9314.18      9.33864e-09
12823.4     9417.39      -7.88111e-13
12823.4     9520.61      -6.39778e-09
12823.4     9623.82      -1.35271e-08
12823.4     9727.03      -6.23556e-09
12823.4     9830.24      -8.45094e-09
12823.4     9933.45      -1.20547e-08
12823.4     10036.7      -2.31794e-09
12823.4     10139.9      2.06781e-10
12823.4     10243.1      7.60916e-09
12823.4     10346.3      -6.77921e-09
12823.4     10449.5      -1.18267e-08
12823.4     10552.7      2.3794e-09
12823.4     10655.9      -4.64015e-09
12823.4     10759.2      -5.62126e-09
12823.4     10862.4      -3.47531e-08
12823.4     10965.6      -2.86199e-08
12823.4     11068.8      -1.97894e-08
12823.4     11172      -6.74634e-08
12823.4     11275.2      -7.95855e-08
12823.4     11378.4      -1.24993e-07
12823.4     11481.6      -1.36078e-07
12823.4     11584.8      -1.98579e-07
12823.4     11688.1      -3.34976e-07
12823.4     11791.3      -3.77165e-07
12823.4     11894.5      -5.75878e-07
12823.4     11997.7      -8.29043e-07
12823.4     12100.9      -1.2626e-06
12823.4     12204.1      -1.95802e-06
12823.4     12307.3      -2.88178e-06
12823.4     12410.5      -4.96218e-06
12823.4     12513.8      -8.81339e-06
12823.4     12617      -1.73285e-05
12823.4     12720.2      -1.05686e-05
12823.4     12823.4      0.000268237
12926.6     9107.76      1.25297e-08
12926.6     9210.97      5.24412e-09
12926.6     9314.18      1.95568e-09
12926.6     9417.39      -1.48142e-09
12926.6     9520.61      -9.7594e-09
12926.6     9623.82      -1.03743e-08
12926.6     9727.03      -1.11354e-08
12926.6     9830.24      2.96938e-09
12926.6     9933.45      4.6903e-09
12926.6     10036.7      -3.14986e-09
12926.6     10139.9      2.95623e-09
12926.6     10243.1      6.19243e-09
12926.6     10346.3      1.56163e-08
12926.6     10449.5      -4.44484e-10
12926.6     10552.7      -6.96989e-09
12926.6     10655.9      9.10735e-09
12926.6     10759.2      4.2283e-09
12926.6     10862.4      5.11641e-09
12926.6     10965.6      -3.11233e-08
12926.6     11068.8      -2.98768e-08
12926.6     11172      -1.71826e-08
12926.6     11275.2      -6.23305e-08
12926.6     11378.4      -7.58839e-08
12926.6     11481.6      -1.24346e-07
12926.6     11584.8      -1.33366e-07
12926.6     11688.1      -1.87472e-07
12926.6     11791.3      -3.31319e-07
12926.6     11894.5      -3.95832e-07
12926.6     11997.7      -6.08004e-07
12926.6     12100.9      -8.74922e-07
12926.6     12204.1      -1.3531e-06
12926.6     12307.3      -2.16184e-06
12926.6     12410.5      -3.24267e-06
12926.6     12513.8      -5.59947e-06
12926.6     12617      -1.01008e-05
12926.6     12720.2      -2.01727e-05
12926.6     12823.4      -1.29389e-05
12926.6     12926.6      0.000311539
13029.8     9107.76      1.00945e-08
13029.8     9210.97      4.22471e-09
13029.8     9314.18      -6.33445e-09
13029.8     9417.39      -7.98533e-09
13029.8     9520.61      -5.51014e-09
13029.8     9623.82      -7.71864e-09
13029.8     9727.03      -2.37209e-09
13029.8     9830.24      1.49096e-09
13029.8     9933.45      1.34561e-08
13029.8     10036.7      9.92236e-09
13029.8     10139.9      1.43368e-09
13029.8     10243.1      9.61773e-09
13029.8     10346.3      1.34264e-08
13029.8     10449.5      2.25393e-08
13029.8     10552.7      4.22031e-09
13029.8     10655.9      5.20152e-10
13029.8     10759.2      2.07033e-08
13029.8     10862.4      1.10758e-08
13029.8     10965.6      5.38569e-09
13029.8     11068.8      -3.25871e-08
13029.8     11172      -2.20176e-08
13029.8     11275.2      -9.02177e-09
13029.8     11378.4      -5.84017e-08
13029.8     11481.6      -7.06629e-08
13029.8     11584.8      -1.0823e-07
13029.8     11688.1      -1.08422e-07
13029.8     11791.3      -1.89775e-07
13029.8     11894.5      -3.3987e-07
13029.8     11997.7      -3.90508e-07
13029.8     12100.9      -6.13833e-07
13029.8     12204.1      -9.29289e-07
13029.8     12307.3      -1.48908e-06
13029.8     12410.5      -2.35277e-06
13029.8     12513.8      -3.59173e-06
13029.8     12617      -6.37438e-06
13029.8     12720.2      -1.17229e-05
13029.8     12823.4      -2.37273e-05
13029.8     12926.6      -1.59611e-05
13029.8     13029.8      0.000365907
13133     9107.76      6.82392e-09
13133     9210.97      -1.1756e-09
13133     9314.18      -6.22826e-09
13133     9417.39      -1.17827e-08
13133     9520.61      -6.28637e-09
13133     9623.82      2.56671e-09
13133     9727.03      4.94085e-09
13133     9830.24      7.05156e-09
13133     9933.45      6.03049e-09
13133     10036.7      1.97059e-08
13133     10139.9      1.63945e-08
13133     10243.1      6.92094e-09
13133     10346.3      1.48629e-08
13133     10449.5      1.91022e-08
13133     10552.7      3.25006e-08
13133     10655.9      1.35561e-08
13133     10759.2      5.91832e-09
13133     10862.4      2.15394e-08
13133     10965.6      1.26606e-08
13133     11068.8      1.46467e-08
13133     11172      -2.96912e-08
13133     11275.2      -1.55996e-08
13133     11378.4      1.34972e-10
13133     11481.6      -3.93022e-08
13133     11584.8      -4.29157e-08
13133     11688.1      -1.06352e-07
13133     11791.3      -9.45558e-08
13133     11894.5      -1.67953e-07
13133     11997.7      -3.2022e-07
13133     12100.9      -3.8703e-07
13133     12204.1      -6.54275e-07
13133     12307.3      -9.45516e-07
13133     12410.5      -1.56795e-06
13133     12513.8      -2.58057e-06
13133     12617      -4.04329e-06
13133     12720.2      -7.29387e-06
13133     12823.4      -1.35789e-05
13133     12926.6      -2.8205e-05
13133     13029.8      -2.02403e-05
13133     13133      0.000435499
13236.2     9107.76      1.57372e-09
13236.2     9210.97      -3.90369e-09
13236.2     9314.18      -6.93263e-09
13236.2     9417.39      -5.45692e-09
13236.2     9520.61      -5.2894e-09
13236.2     9623.82      6.62116e-09
13236.2     9727.03      1.26223e-08
13236.2     9830.24      9.36402e-09
13236.2     9933.45      1.17819e-08
13236.2     10036.7      1.17103e-08
13236.2     10139.9      2.72046e-08
13236.2     10243.1      2.11225e-08
13236.2     10346.3      1.02491e-08
13236.2     10449.5      2.29948e-08
13236.2     10552.7      3.0249e-08
13236.2     10655.9      4.10387e-08
13236.2     10759.2      1.10043e-08
13236.2     10862.4      5.17921e-09
13236.2     10965.6      3.15282e-08
13236.2     11068.8      1.8902e-08
13236.2     11172      2.15604e-08
13236.2     11275.2      -2.81457e-08
13236.2     11378.4      6.44596e-09
13236.2     11481.6      3.30755e-08
13236.2     11584.8      -3.58179e-08
13236.2     11688.1      -2.88489e-08
13236.2     11791.3      -8.1166e-08
13236.2     11894.5      -4.893e-08
13236.2     11997.7      -1.48611e-07
13236.2     12100.9      -3.37604e-07
13236.2     12204.1      -3.39285e-07
13236.2     12307.3      -6.2189e-07
13236.2     12410.5      -9.67649e-07
13236.2     12513.8      -1.69817e-06
13236.2     12617      -2.82737e-06
13236.2     12720.2      -4.41274e-06
13236.2     12823.4      -8.3457e-06
13236.2     12926.6      -1.60282e-05
13236.2     13029.8      -3.40322e-05
13236.2     13133      -2.60613e-05
13236.2     13236.2      0.000527207
13339.5     9107.76      -1.96213e-09
13339.5     9210.97      -4.7057e-09
13339.5     9314.18      -3.87137e-09
13339.5     9417.39      -8.3889e-10
13339.5     9520.61      6.91773e-09
13339.5     9623.82      3.55295e-09
13339.5     9727.03      1.14199e-08
13339.5     9830.24      1.78783e-08
13339.5     9933.45      1.48147e-08
13339.5     10036.7      1.73679e-08
13339.5     10139.9      1.54127e-08
13339.5     10243.1      3.2813e-08
13339.5     10346.3      2.85484e-08
13339.5     10449.5      1.90338e-08
13339.5     10552.7      2.98941e-08
13339.5     10655.9      2.96359e-08
13339.5     10759.2      4.32764e-08
13339.5     10862.4      1.66782e-08
13339.5     10965.6      8.78077e-09
13339.5     11068.8      3.8655e-08
13339.5     11172      2.29701e-08
13339.5     11275.2      4.35651e-08
13339.5     11378.4      -3.17268e-09
13339.5     11481.6      1.28193e-08
13339.5     11584.8      5.02234e-08
13339.5     11688.1      -1.06362e-08
13339.5     11791.3      1.67128e-08
13339.5     11894.5      -5.919e-08
13339.5     11997.7      -4.12466e-08
13339.5     12100.9      -8.87242e-08
13339.5     12204.1      -2.81318e-07
13339.5     12307.3      -2.90028e-07
13339.5     12410.5      -6.27955e-07
13339.5     12513.8      -9.77159e-07
13339.5     12617      -1.68025e-06
13339.5     12720.2      -3.03607e-06
13339.5     12823.4      -4.9486e-06
13339.5     12926.6      -9.62414e-06
13339.5     13029.8      -1.89138e-05
13339.5     13133      -4.14558e-05
13339.5     13236.2      -3.46907e-05
13339.5     13339.5      0.000651064
13442.7     9107.76      3.45116e-10
13442.7     9210.97      -2.89521e-09
13442.7     9314.18      5.93299e-10
13442.7     9417.39      8.28611e-09
13442.7     9520.61      8.30647e-09
13442.7     9623.82      1.09788e-08
13442.7     9727.03      7.15106e-09
13442.7     9830.24      1.76185e-08
13442.7     9933.45      2.41821e-08
13442.7     10036.7      1.78637e-08
13442.7     10139.9      2.02094e-08
13442.7     10243.1      2.17659e-08
13442.7     10346.3      4.52717e-08
13442.7     10449.5      3.49e-08
13442.7     10552.7      1.49929e-08
13442.7     10655.9      2.94932e-08
13442.7     10759.2      3.83223e-08
13442.7     10862.4      5.05272e-08
13442.7     10965.6      1.71197e-08
13442.7     11068.8      8.32784e-09
13442.7     11172      6.10581e-08
13442.7     11275.2      5.30278e-08
13442.7     11378.4      4.83443e-08
13442.7     11481.6      8.25173e-10
13442.7     11584.8      4.14961e-08
13442.7     11688.1      1.00343e-07
13442.7     11791.3      1.0008e-08
13442.7     11894.5      1.71196e-08
13442.7     11997.7      -4.70262e-10
13442.7     12100.9      4.61429e-08
13442.7     12204.1      -3.18721e-08
13442.7     12307.3      -2.71733e-07
13442.7     12410.5      -2.28111e-07
13442.7     12513.8      -4.66458e-07
13442.7     12617      -9.04875e-07
13442.7     12720.2      -1.76116e-06
13442.7     12823.4      -3.26176e-06
13442.7     12926.6      -5.32691e-06
13442.7     13029.8      -1.08353e-05
13442.7     13133      -2.27075e-05
13442.7     13236.2      -5.17355e-05
13442.7     13339.5      -4.73525e-05
13442.7     13442.7      0.000825101
13545.9     9107.76      -1.1062e-09
13545.9     9210.97      5.24638e-09
13545.9     9314.18      8.61406e-09
13545.9     9417.39      9.77763e-09
13545.9     9520.61      1.21378e-08
13545.9     9623.82      1.1951e-08
13545.9     9727.03      1.63016e-08
13545.9     9830.24      1.16841e-08
13545.9     9933.45      2.17413e-08
13545.9     10036.7      2.74391e-08
13545.9     10139.9      2.30084e-08
13545.9     10243.1      2.98195e-08
13545.9     10346.3      2.80569e-08
13545.9     10449.5      4.56243e-08
13545.9     10552.7      3.22915e-08
13545.9     10655.9      1.97645e-08
13545.9     10759.2      3.44761e-08
13545.9     10862.4      4.21919e-08
13545.9     10965.6      5.21117e-08
13545.9     11068.8      3.01272e-08
13545.9     11172      3.68473e-08
13545.9     11275.2      6.62959e-08
13545.9     11378.4      5.89073e-08
13545.9     11481.6      7.2923e-08
13545.9     11584.8      3.72296e-08
13545.9     11688.1      6.98785e-08
13545.9     11791.3      9.80977e-08
13545.9     11894.5      6.02333e-08
13545.9     11997.7      9.74211e-08
13545.9     12100.9      5.49876e-08
13545.9     12204.1      8.57434e-08
13545.9     12307.3      1.67215e-08
13545.9     12410.5      -1.00212e-07
13545.9     12513.8      -7.31007e-08
13545.9     12617      -3.99566e-07
13545.9     12720.2      -8.23337e-07
13545.9     12823.4      -1.611e-06
13545.9     12926.6      -3.13226e-06
13545.9     13029.8      -5.78852e-06
13545.9     13133      -1.24215e-05
13545.9     13236.2      -2.71522e-05
13545.9     13339.5      -6.55289e-05
13545.9     13442.7      -6.71699e-05
13545.9     13545.9      0.00108061
13649.1     9107.76      4.11886e-10
13649.1     9210.97      1.07384e-08
13649.1     9314.18      1.50734e-08
13649.1     9417.39      1.15272e-08
13649.1     9520.61      1.31457e-08
13649.1     9623.82      1.74748e-08
13649.1     9727.03      1.67717e-08
13649.1     9830.24      1.89873e-08
13649.1     9933.45      1.24084e-08
13649.1     10036.7      2.84572e-08
13649.1     10139.9      3.81568e-08
13649.1     10243.1      2.84415e-08
13649.1     10346.3      2.60566e-08
13649.1     10449.5      2.47366e-08
13649.1     10552.7      5.71115e-08
13649.1     10655.9      3.45946e-08
13649.1     10759.2      1.77807e-08
13649.1     10862.4      3.10737e-08
13649.1     10965.6      5.96904e-08
13649.1     11068.8      8.72613e-08
13649.1     11172      2.22702e-08
13649.1     11275.2      3.72504e-08
13649.1     11378.4      9.03321e-08
13649.1     11481.6      1.00666e-07
13649.1     11584.8      9.89092e-08
13649.1     11688.1      9.79816e-09
13649.1     11791.3      1.26582e-07
13649.1     11894.5      1.77817e-07
13649.1     11997.7      1.04936e-07
13649.1     12100.9      1.20609e-07
13649.1     12204.1      8.48145e-08
13649.1     12307.3      2.95795e-07
13649.1     12410.5      1.48655e-07
13649.1     12513.8      -5.24482e-08
13649.1     12617      7.23858e-08
13649.1     12720.2      -1.04457e-07
13649.1     12823.4      -3.35266e-07
13649.1     12926.6      -1.48585e-06
13649.1     13029.8      -3.07283e-06
13649.1     13133      -5.74116e-06
13649.1     13236.2      -1.36087e-05
13649.1     13339.5      -3.23721e-05
13649.1     13442.7      -8.54616e-05
13649.1     13545.9      -0.000100247
13649.1     13649.1      0.00148123
13752.3     9107.76      6.40376e-09
13752.3     9210.97      1.03425e-08
13752.3     9314.18      1.43842e-08
13752.3     9417.39      1.82683e-08
13752.3     9520.61      1.54855e-08
13752.3     9623.82      1.84283e-08
13752.3     9727.03      2.05669e-08
13752.3     9830.24      1.71505e-08
13752.3     9933.45      2.2702e-08
13752.3     10036.7      2.11198e-08
13752.3     10139.9      3.8634e-08
13752.3     10243.1      3.49379e-08
13752.3     10346.3      2.08585e-08
13752.3     10449.5      3.32326e-08
13752.3     10552.7      2.99408e-08
13752.3     10655.9      6.40094e-08
13752.3     10759.2      2.11154e-08
13752.3     10862.4      2.57938e-08
13752.3     10965.6      6.89401e-08
13752.3     11068.8      6.08935e-08
13752.3     11172      8.67009e-08
13752.3     11275.2      2.29505e-08
13752.3     11378.4      8.15544e-08
13752.3     11481.6      1.26481e-07
13752.3     11584.8      6.74726e-08
13752.3     11688.1      1.38043e-07
13752.3     11791.3      6.66936e-08
13752.3     11894.5      1.9626e-07
13752.3     11997.7      1.90783e-07
13752.3     12100.9      8.79358e-08
13752.3     12204.1      3.11834e-07
13752.3     12307.3      2.18479e-07
13752.3     12410.5      3.77002e-07
13752.3     12513.8      2.00137e-07
13752.3     12617      1.71852e-07
13752.3     12720.2      6.53304e-07
13752.3     12823.4      1.51959e-07
13752.3     12926.6      2.0748e-08
13752.3     13029.8      -8.79693e-07
13752.3     13133      -2.23197e-06
13752.3     13236.2      -4.81736e-06
13752.3     13339.5      -1.47222e-05
13752.3     13442.7      -3.81956e-05
13752.3     13545.9      -0.00011278
13752.3     13649.1      -0.00015835
13752.3     13752.3      0.00216269
13855.5     9107.76      9.94649e-09
13855.5     9210.97      9.75982e-09
13855.5     9314.18      1.32421e-08
13855.5     9417.39      1.89258e-08
13855.5     9520.61      2.27671e-08
13855.5     9623.82      1.7213e-08
13855.5     9727.03      2.05935e-08
13855.5     9830.24      2.35678e-08
13855.5     9933.45      2.44081e-08
13855.5     10036.7      3.06902e-08
13855.5     10139.9      1.79981e-08
13855.5     10243.1      3.53302e-08
13855.5     10346.3      3.99381e-08
13855.5     10449.5      2.26137e-08
13855.5     10552.7      3.81764e-08
13855.5     10655.9      1.82033e-08
13855.5     10759.2      7.56113e-08
13855.5     10862.4      5.01519e-08
13855.5     10965.6      2.55534e-08
13855.5     11068.8      6.77397e-08
13855.5     11172      6.27922e-08
13855.5     11275.2      1.25608e-07
13855.5     11378.4      4.8753e-08
13855.5     11481.6      5.77891e-08
13855.5     11584.8      1.52962e-07
13855.5     11688.1      1.09397e-07
13855.5     11791.3      2.01186e-07
13855.5     11894.5      7.58978e-08
13855.5     11997.7      1.83347e-07
13855.5     12100.9      3.31597e-07
13855.5     12204.1      1.90605e-07
13855.5     12307.3      3.82576e-07
13855.5     12410.5      2.4819e-07
13855.5     12513.8      5.80762e-07
13855.5     12617      6.41291e-07
13855.5     12720.2      3.44166e-07
13855.5     12823.4      1.01683e-06
13855.5     12926.6      7.65172e-07
13855.5     13029.8      1.03434e-06
13855.5     13133      4.99307e-07
13855.5     13236.2      -1.08275e-06
13855.5     13339.5      -2.67938e-06
13855.5     13442.7      -1.31101e-05
13855.5     13545.9      -4.1779e-05
13855.5     13649.1      -0.000149648
13855.5     13752.3      -0.000270446
13855.5     13855.5      0.00347498
13958.7     9107.76      1.06009e-08
13958.7     9210.97      1.25703e-08
13958.7     9314.18      1.45994e-08
13958.7     9417.39      1.71299e-08
13958.7     9520.61      2.03271e-08
13958.7     9623.82      2.45077e-08
13958.7     9727.03      1.92059e-08
13958.7     9830.24      3.01049e-08
13958.7     9933.45      3.01928e-08
13958.7     10036.7      2.22694e-08
13958.7     10139.9      2.13031e-08
13958.7     10243.1      2.55818e-08
13958.7     10346.3      4.39218e-08
13958.7     10449.5      4.03093e-08
13958.7     10552.7      1.00156e-08
13958.7     10655.9      3.68923e-08
13958.7     10759.2      5.72427e-08
13958.7     10862.4      8.69368e-08
13958.7     10965.6      3.14801e-08
13958.7     11068.8      3.00322e-08
13958.7     11172      8.43473e-08
13958.7     11275.2      1.15485e-07
13958.7     11378.4      1.00281e-07
13958.7     11481.6      4.41024e-08
13958.7     11584.8      1.19571e-07
13958.7     11688.1      1.71314e-07
13958.7     11791.3      1.49133e-07
13958.7     11894.5      1.58733e-07
13958.7     11997.7      1.89387e-07
13958.7     12100.9      3.24223e-07
13958.7     12204.1      2.8237e-07
13958.7     12307.3      2.31939e-07
13958.7     12410.5      5.02488e-07
13958.7     12513.8      6.66697e-07
13958.7     12617      7.70287e-07
13958.7     12720.2      6.41402e-07
13958.7     12823.4      8.33594e-07
13958.7     12926.6      1.82009e-06
13958.7     13029.8      2.06093e-06
13958.7     13133      2.11832e-06
13958.7     13236.2      2.08621e-06
13958.7     13339.5      2.3322e-06
13958.7     13442.7      3.11452e-06
13958.7     13545.9      -5.06e-06
13958.7     13649.1      -3.68659e-05
13958.7     13752.3      -0.000189728
13958.7     13855.5      -0.000489907
13958.7     13958.7      0.00660888
14061.9     9107.76      5.75079e-09
14061.9     9210.97      1.38561e-08
14061.9     9314.18      1.6498e-08
14061.9     9417.39      1.75869e-08
14061.9     9520.61      2.14075e-08
14061.9     9623.82      2.1784e-08
14061.9     9727.03      2.8609e-08
14061.9     9830.24      2.5876e-08
14061.9     9933.45      3.35595e-08
14061.9     10036.7      2.55476e-08
14061.9     10139.9      2.77204e-08
14061.9     10243.1      2.1342e-08
14061.9     10346.3      2.97906e-08
14061.9     10449.5      4.06675e-08
14061.9     10552.7      3.8691e-08
14061.9     10655.9      4.85474e-08
14061.9     10759.2      3.89219e-08
14061.9     10862.4      4.71077e-08
14061.9     10965.6      9.37814e-08
14061.9     11068.8      4.22304e-08
14061.9     11172      9.53048e-08
14061.9     11275.2      5.0429e-08
14061.9     11378.4      1.05198e-07
14061.9     11481.6      1.43515e-07
14061.9     11584.8      6.64286e-08
14061.9     11688.1      2.04995e-07
14061.9     11791.3      7.68297e-08
14061.9     11894.5      2.07474e-07
14061.9     11997.7      2.7824e-07
14061.9     12100.9      1.70092e-07
14061.9     12204.1      4.04394e-07
14061.9     12307.3      2.41213e-07
14061.9     12410.5      5.20595e-07
14061.9     12513.8      6.18923e-07
14061.9     12617      6.41545e-07
14061.9     12720.2      1.23141e-06
14061.9     12823.4      9.64044e-07
14061.9     12926.6      1.57206e-06
14061.9     13029.8      2.33987e-06
14061.9     13133      3.05279e-06
14061.9     13236.2      4.91764e-06
14061.9     13339.5      5.60038e-06
14061.9     13442.7      7.93354e-06
14061.9     13545.9      1.28295e-05
14061.9     13649.1      1.66687e-05
14061.9     13752.3      8.55825e-06
14061.9     13855.5      -0.000160399
14061.9     13958.7      -0.000846478
14061.9     14061.9      0.0179035
14165.2     9107.76      -5.61009e-05
14165.2     9210.97      0.000408313
14165.2     9314.18      6.94129e-06
14165.2     9417.39      -0.000482158
14165.2     9520.61      6.223e-05
14165.2     9623.82      0.000559946
14165.2     9727.03      -0.000154986
14165.2     9830.24      -0.000634178
14165.2     9933.45      0.000274917
14165.2     10036.7      0.000707639
14165.2     10139.9      -0.000426018
14165.2     10243.1      -0.000769431
14165.2     10346.3      0.000612972
14165.2     10449.5      0.000817906
14165.2     10552.7      -0.000839556
14165.2     10655.9      -0.000839733
14165.2     10759.2      0.00111241
14165.2     10862.4      0.000829167
14165.2     10965.6      -0.00143728
14165.2     11068.8      -0.000769629
14165.2     11172      0.00182084
14165.2     11275.2      0.00065109
14165.2     11378.4      -0.00227207
14165.2     11481.6      -0.000446903
14165.2     11584.8      0.00280617
14165.2     11688.1      0.000127435
14165.2     11791.3      -0.00341296
14165.2     11894.5      0.000345082
14165.2     11997.7      0.00414046
14165.2     12100.9      -0.00103712
14165.2     12204.1      -0.00498305
14165.2     12307.3      0.0020806
14165.2     12410.5      0.00601283
14165.2     12513.8      -0.00356211
14165.2     12617      -0.00721693
14165.2     12720.2      0.00584713
14165.2     12823.4      0.00881578
14165.2     12926.6      -0.00929559
14165.2     13029.8      -0.0107704
14165.2     13133      0.0152162
14165.2     13236.2      0.01366
14165.2     13339.5      -0.0255232
14165.2     13442.7      -0.0175413
14165.2     13545.9      0.0489245
14165.2     13649.1      0.0255573
14165.2     13752.3      -0.110913
14165.2     13855.5      -0.0378728
14165.2     13958.7      0.460685
14165.2     14061.9      0.203251
14165.2     14165.2      1.98369e+10
