11632.4       10361       -1.11677e-09
11597.7       10309       -3.27135e-09
11563.1       10257       -4.54279e-09
11528.5       10205       -1.14904e-08
11493.9       10153       -2.81902e-08
11459.3       10101       -6.50713e-08
11424.7       10049       -1.38685e-07
11390       9997.06       -2.76208e-07
11355.4       9945.07       -5.19146e-07
11320.8       9893.07       -9.1275e-07
11286.2       9841.08       -1.49066e-06
11251.6       9789.09       -2.26651e-06
11217       9737.1       -3.13073e-06
11182.3       9685.1       -3.94672e-06
11147.7       9633.11       -4.52975e-06
11113.1       9581.12       -4.74182e-06
11078.5       9529.13       -4.54689e-06
11043.9       9477.13       -4.01118e-06
11009.3       9425.14       -3.16604e-06
10974.6       9373.15       -2.15705e-06
10940       9321.16       -1.33808e-06
10905.4       9269.16       -1.47016e-06
10870.8       9217.17       -7.02874e-07
10836.2       9165.18       -2.95714e-07
10801.6       9113.19       -1.09811e-07
10766.9       9061.19       -3.57207e-08
10732.3       9009.2       -9.88258e-09
10697.7       8957.21       -2.30727e-09
10663.1       8905.22       -4.46903e-10
10628.5       8853.22       -7.12196e-11
11615.8       10372.1       -1.23818e-09
11580.6       10319.7       -3.48492e-09
11545.4       10267.3       -7.20676e-09
11510.2       10215       -1.29026e-08
11475       10162.6       -3.17322e-08
11439.8       10110.2       -7.41576e-08
11404.6       10057.8       -1.60942e-07
11369.4       10005.5       -3.27902e-07
11334.2       9953.09       -6.17978e-07
11299       9900.71       -1.07854e-06
11263.8       9848.34       -1.75583e-06
11228.6       9795.96       -2.69497e-06
11193.4       9743.59       -3.77776e-06
11158.2       9691.21       -4.78476e-06
11123       9638.84       -5.56359e-06
11087.8       9586.47       -5.83444e-06
11052.6       9534.09       -5.46592e-06
11017.4       9481.72       -4.67989e-06
10982.2       9429.34       -3.67514e-06
10947       9376.97       -2.58038e-06
10911.8       9324.59       -1.59173e-06
10876.6       9272.22       -1.68991e-06
10841.4       9219.84       -8.11192e-07
10806.2       9167.47       -3.35763e-07
10771       9115.1       -1.21276e-07
10735.8       9062.72       -3.7227e-08
10700.6       9010.35       -9.93002e-09
10665.4       8957.97       -2.29556e-09
10630.2       8905.6       -4.46707e-10
10595       8853.22       -7.14262e-11
11599.3       10383.2       -1.34072e-09
11563.5       10330.5       -3.92145e-09
11527.7       10277.7       -1.06358e-08
11491.9       10225       -1.38463e-08
11456.1       10172.2       -3.46662e-08
11420.3       10119.4       -8.37906e-08
11384.5       10066.7       -1.83812e-07
11348.7       10013.9       -3.77336e-07
11312.9       9961.16       -7.28883e-07
11277.1       9908.4       -1.30273e-06
11241.3       9855.64       -2.10398e-06
11205.6       9802.88       -3.15769e-06
11169.8       9750.12       -4.43852e-06
11134       9697.36       -5.65266e-06
11098.2       9644.61       -6.63815e-06
11062.4       9591.85       -7.04041e-06
11026.6       9539.09       -6.63911e-06
10990.8       9486.33       -5.67775e-06
10955       9433.57       -4.32172e-06
10919.2       9380.81       -2.92695e-06
10883.4       9328.05       -1.80844e-06
10847.6       9275.29       -1.96979e-06
10811.8       9222.54       -9.19474e-07
10776       9169.78       -3.73228e-07
10740.2       9117.02       -1.3263e-07
10704.4       9064.26       -3.99285e-08
10668.6       9011.5       -1.02366e-08
10632.8       8958.74       -2.22458e-09
10597       8905.98       -4.14408e-10
10561.3       8853.22       -6.57898e-11
11582.8       10394.4       -1.35114e-09
11546.4       10341.3       -4.18437e-09
11510       10288.2       -1.19593e-08
11473.6       10235       -1.59712e-08
11437.2       10181.9       -3.90241e-08
11400.9       10128.7       -9.09297e-08
11364.5       10075.6       -2.07286e-07
11328.1       10022.4       -4.38027e-07
11291.7       9969.28       -8.38284e-07
11255.3       9916.14       -1.51737e-06
11218.9       9862.99       -2.50685e-06
11182.5       9809.85       -3.78635e-06
11146.1       9756.7       -5.27366e-06
11109.7       9703.55       -6.66855e-06
11073.3       9650.41       -7.78702e-06
11036.9       9597.26       -8.27715e-06
11000.5       9544.12       -7.86564e-06
10964.1       9490.97       -6.75973e-06
10927.7       9437.83       -5.14964e-06
10891.3       9384.68       -3.43341e-06
10854.9       9331.54       -2.0436e-06
10818.5       9278.39       -2.14138e-06
10782.1       9225.24       -1.00423e-06
10745.7       9172.1       -4.13226e-07
10709.3       9118.95       -1.41781e-07
10672.9       9065.81       -4.13666e-08
10636.5       9012.66       -1.05015e-08
10600.1       8959.52       -2.21092e-09
10563.7       8906.37       -3.93375e-10
10527.3       8853.22       -5.87195e-11
11566.4       10405.7       -1.36871e-09
11529.4       10352.2       -4.24389e-09
11492.4       10298.7       -1.25655e-08
11455.4       10245.1       -1.7632e-08
11418.4       10191.6       -4.53864e-08
11381.4       10138.1       -1.06218e-07
11344.4       10084.5       -2.31771e-07
11307.4       10031       -4.83046e-07
11270.4       9977.46       -9.64107e-07
11233.4       9923.92       -1.76172e-06
11196.4       9870.39       -2.90809e-06
11159.3       9816.85       -4.46793e-06
11122.3       9763.32       -6.29209e-06
11085.3       9709.78       -7.95478e-06
11048.3       9656.25       -9.17661e-06
11011.3       9602.71       -9.58435e-06
10974.3       9549.18       -9.10337e-06
10937.3       9495.64       -7.84482e-06
10900.3       9442.11       -5.92612e-06
10863.3       9388.57       -3.97015e-06
10826.3       9335.04       -2.36064e-06
10789.3       9281.5       -2.41206e-06
10752.3       9227.97       -1.08786e-06
10715.3       9174.43       -4.28069e-07
10678.3       9120.9       -1.46244e-07
10641.3       9067.36       -4.29532e-08
10604.2       9013.83       -1.04118e-08
10567.2       8960.29       -2.12103e-09
10530.2       8906.76       -3.70295e-10
10493.2       8853.22       -5.30182e-11
11550.1       10417.1       -1.49469e-09
11512.4       10363.2       -4.44942e-09
11474.8       10309.2       -1.29198e-08
11437.2       10255.3       -1.83048e-08
11399.6       10201.4       -4.88611e-08
11361.9       10147.5       -1.2156e-07
11324.3       10093.5       -2.74264e-07
11286.7       10039.6       -5.69375e-07
11249.1       9985.69       -1.08288e-06
11211.4       9931.76       -1.96829e-06
11173.8       9877.83       -3.3965e-06
11136.2       9823.91       -5.20329e-06
11098.5       9769.98       -7.31966e-06
11060.9       9716.05       -9.3599e-06
11023.3       9662.13       -1.09065e-05
10985.7       9608.2       -1.13555e-05
10948       9554.27       -1.0532e-05
10910.4       9500.35       -8.89192e-06
10872.8       9446.42       -6.66796e-06
10835.2       9392.49       -4.4899e-06
10797.5       9338.57       -2.64286e-06
10759.9       9284.64       -2.67958e-06
10722.3       9230.71       -1.20227e-06
10684.7       9176.79       -4.54482e-07
10647       9122.86       -1.48881e-07
10609.4       9068.93       -4.15482e-08
10571.8       9015       -9.9225e-09
10534.2       8961.08       -2.03487e-09
10496.5       8907.15       -3.35147e-10
10458.9       8853.22       -4.64454e-11
11533.7       10428.5       -1.56459e-09
11495.5       10374.2       -4.92764e-09
11457.2       10319.9       -1.42587e-08
11419       10265.6       -1.95105e-08
11380.7       10211.3       -5.09661e-08
11342.5       10156.9       -1.28779e-07
11304.2       10102.6       -3.04072e-07
11266       10048.3       -6.6111e-07
11227.7       9993.97       -1.29571e-06
11189.5       9939.65       -2.31057e-06
11151.2       9885.33       -3.79944e-06
11113       9831       -5.86079e-06
11074.7       9776.68       -8.48117e-06
11036.4       9722.36       -1.08119e-05
10998.2       9668.04       -1.24985e-05
10959.9       9613.72       -1.31148e-05
10921.7       9559.4       -1.22768e-05
10883.4       9505.08       -1.02626e-05
10845.2       9450.76       -7.5067e-06
10806.9       9396.44       -4.96219e-06
10768.7       9342.11       -2.86481e-06
10730.4       9287.79       -2.91465e-06
10692.2       9233.47       -1.27265e-06
10653.9       9179.15       -4.78814e-07
10615.6       9124.83       -1.5319e-07
10577.4       9070.51       -4.13118e-08
10539.1       9016.19       -9.39727e-09
10500.9       8961.87       -1.80543e-09
10462.6       8907.55       -2.94579e-10
10424.4       8853.22       -4.04188e-11
11517.5       10440       -1.6034e-09
11478.6       10385.3       -5.11699e-09
11439.7       10330.6       -1.53212e-08
11400.8       10275.9       -4.39936e-08
11361.9       10221.2       -5.69873e-08
11323       10166.5       -1.38428e-07
11284.1       10111.7       -3.22029e-07
11245.2       10057       -7.10948e-07
11206.4       10002.3       -1.45776e-06
11167.5       9947.58       -2.71813e-06
11128.6       9892.86       -4.54186e-06
11089.7       9838.15       -6.82955e-06
11050.8       9783.43       -9.45322e-06
11011.9       9728.71       -1.21177e-05
10973       9673.99       -1.44765e-05
10934.1       9619.27       -1.49434e-05
10895.2       9564.56       -1.38536e-05
10856.3       9509.84       -1.15945e-05
10817.4       9455.12       -8.52733e-06
10778.5       9400.4       -5.51902e-06
10739.7       9345.69       -3.10454e-06
10700.8       9290.97       -3.04768e-06
10661.9       9236.25       -1.31311e-06
10623       9181.53       -4.89157e-07
10584.1       9126.81       -1.5199e-07
10545.2       9072.1       -4.04351e-08
10506.3       9017.38       -8.94372e-09
10467.4       8962.66       -1.65355e-09
10428.5       8907.94       -2.55023e-10
10389.6       8853.22       -3.23226e-11
11501.3       10451.6       -1.59497e-09
11461.7       10396.5       -5.28743e-09
11422.2       10341.4       -1.62775e-08
11382.7       10286.3       -4.66562e-08
11343.1       10231.2       -6.38505e-08
11303.6       10176       -1.59751e-07
11264       10120.9       -3.63544e-07
11224.5       10065.8       -7.6816e-07
11185       10010.7       -1.55981e-06
11145.4       9955.57       -2.96535e-06
11105.9       9900.45       -5.16672e-06
11066.4       9845.33       -8.03182e-06
11026.8       9790.21       -1.12876e-05
10987.3       9735.1       -1.40209e-05
10947.7       9679.98       -1.58807e-05
10908.2       9624.86       -1.65307e-05
10868.7       9569.75       -1.56867e-05
10829.1       9514.63       -1.28498e-05
10789.6       9459.51       -9.37332e-06
10750.1       9404.39       -6.01591e-06
10710.5       9349.28       -3.38168e-06
10671       9294.16       -3.25654e-06
10631.4       9239.04       -1.34991e-06
10591.9       9183.93       -4.80055e-07
10552.4       9128.81       -1.46497e-07
10512.8       9073.69       -3.7992e-08
10473.3       9018.58       -8.16214e-09
10433.8       8963.46       -1.47327e-09
10394.2       8908.34       -2.18838e-10
10354.7       8853.22       -2.67474e-11
11485.1       10463.3       -1.5998e-09
11444.9       10407.7       -5.25974e-09
11404.7       10352.2       -1.66667e-08
11364.5       10296.7       -4.94058e-08
11324.3       10241.2       -6.86227e-08
11284.1       10185.7       -1.7338e-07
11244       10130.2       -4.14476e-07
11203.8       10074.6       -8.99485e-07
11163.6       10019.1       -1.76553e-06
11123.4       9963.6       -3.2197e-06
11083.2       9908.08       -5.54551e-06
11043       9852.56       -8.82596e-06
11002.8       9797.04       -1.27918e-05
10962.6       9741.52       -1.63831e-05
10922.4       9686       -1.86881e-05
10882.2       9630.49       -1.87053e-05
10842       9574.97       -1.69874e-05
10801.8       9519.45       -1.38351e-05
10761.6       9463.93       -1.03143e-05
10721.4       9408.41       -6.45192e-06
10681.2       9352.89       -3.55966e-06
10641       9297.37       -2.84363e-06
10600.9       9241.85       -1.38438e-06
10560.7       9186.34       -4.78362e-07
10520.5       9130.82       -1.40633e-07
10480.3       9075.3       -3.45717e-08
10440.1       9019.78       -7.22795e-09
10399.9       8964.26       -1.25785e-09
10359.7       8908.74       -1.81534e-10
10319.5       8853.22       -2.11277e-11
11469       10475       -1.67266e-09
11428.1       10419.1       -5.47184e-09
11387.3       10363.1       -1.70341e-08
11346.4       10307.2       -5.03563e-08
11305.6       10251.3       -7.17635e-08
11264.7       10195.4       -1.86396e-07
11223.8       10139.4       -4.50624e-07
11183       10083.5       -9.86297e-07
11142.1       10027.6       -2.04132e-06
11101.3       9971.68       -3.77006e-06
11060.4       9915.76       -6.25948e-06
11019.6       9859.83       -9.56159e-06
10978.7       9803.91       -1.36275e-05
10937.8       9747.99       -1.77723e-05
10897       9692.06       -2.08604e-05
10856.1       9636.14       -2.15313e-05
10815.3       9580.22       -1.95482e-05
10774.4       9524.3       -1.53656e-05
10733.5       9468.37       -1.07439e-05
10692.7       9412.45       -6.67851e-06
10651.8       9356.53       -3.70227e-06
10611       9300.61       -1.73628e-06
10570.1       9244.68       -1.36286e-06
10529.2       9188.76       -4.64991e-07
10488.4       9132.84       -1.33312e-07
10447.5       9076.91       -3.20726e-08
10406.7       9020.99       -6.33612e-09
10365.8       8965.07       -1.05092e-09
10325       8909.15       -1.43225e-10
10284.1       8853.22       -1.60858e-11
11452.9       10486.8       -1.71085e-09
11411.4       10430.4       -5.81972e-09
11369.9       10374.1       -1.82316e-08
11328.3       10317.8       -5.34547e-08
11286.8       10261.5       -7.46215e-08
11245.3       10205.1       -1.95211e-07
11203.7       10148.8       -4.78635e-07
11162.2       10092.5       -1.08042e-06
11120.7       10036.1       -2.23523e-06
11079.1       9979.81       -4.17032e-06
11037.6       9923.48       -7.23909e-06
10996.1       9867.15       -1.11814e-05
10954.5       9810.82       -1.53976e-05
10913       9754.49       -1.91374e-05
10871.5       9698.16       -2.19694e-05
10829.9       9641.83       -2.2886e-05
10788.4       9585.5       -2.11234e-05
10746.9       9529.17       -1.70784e-05
10705.3       9472.84       -1.18803e-05
10663.8       9416.52       -7.15546e-06
10622.3       9360.19       -3.69067e-06
10580.7       9303.86       -1.6916e-06
10539.2       9247.53       -1.32838e-06
10497.7       9191.2       -4.42504e-07
10456.1       9134.87       -1.21805e-07
10414.6       9078.54       -2.83255e-08
10373.1       9022.21       -5.47352e-09
10331.5       8965.88       -8.70449e-10
10290       8909.55       -1.13353e-10
10248.5       8853.22       -1.15948e-11
11436.9       10498.6       -1.70152e-09
11394.7       10441.9       -5.94599e-09
11352.5       10385.2       -1.92292e-08
11310.3       10328.4       -5.80562e-08
11268.1       10271.7       -1.60789e-07
11225.8       10214.9       -2.09542e-07
11183.6       10158.2       -5.04656e-07
11141.4       10101.5       -1.13986e-06
11099.2       10044.7       -2.39357e-06
11057       9987.98       -4.57788e-06
11014.8       9931.25       -7.94664e-06
10972.5       9874.51       -1.23121e-05
10930.3       9817.77       -1.75504e-05
10888.1       9761.03       -2.21538e-05
10845.9       9704.29       -2.44579e-05
10803.7       9647.56       -2.42355e-05
10761.4       9590.82       -2.16247e-05
10719.2       9534.08       -1.74637e-05
10677       9477.34       -1.23439e-05
10634.8       9420.6       -7.55907e-06
10592.6       9363.87       -3.92653e-06
10550.4       9307.13       -1.71406e-06
10508.1       9250.39       -1.26177e-06
10465.9       9193.65       -3.97606e-07
10423.7       9136.91       -1.08378e-07
10381.5       9080.18       -2.46407e-08
10339.3       9023.44       -4.54297e-09
10297       8966.7       -6.93521e-10
10254.8       8909.96       -8.47194e-11
10212.6       8853.22       -8.54769e-12
11421       10510.6       -1.6506e-09
11378.1       10453.4       -5.84966e-09
11335.2       10396.3       -1.95437e-08
11292.2       10339.1       -6.06905e-08
11249.3       10282       -1.73638e-07
11206.4       10224.8       -2.31732e-07
11163.5       10167.7       -5.58122e-07
11120.6       10110.5       -1.23906e-06
11077.7       10053.4       -2.54101e-06
11034.8       9996.21       -4.83021e-06
10991.9       9939.06       -8.48764e-06
10948.9       9881.91       -1.34142e-05
10906       9824.76       -1.90946e-05
10863.1       9767.61       -2.40418e-05
10820.2       9710.46       -2.71455e-05
10777.3       9653.31       -2.74055e-05
10734.4       9596.16       -2.36666e-05
10691.5       9539.02       -1.8009e-05
10648.6       9481.87       -1.2257e-05
10605.6       9424.72       -7.32803e-06
10562.7       9367.57       -3.82526e-06
10519.8       9310.42       -1.68999e-06
10476.9       9253.27       -1.23653e-06
10434       9196.12       -3.79091e-07
10391.1       9138.97       -9.58629e-08
10348.2       9081.82       -2.0376e-08
10305.3       9024.67       -3.61399e-09
10262.3       8967.52       -5.28423e-10
10219.4       8910.37       -6.27533e-11
10176.5       8853.22       -5.86821e-12
11405.1       10522.5       -1.63693e-09
11361.5       10465       -5.76592e-09
11317.8       10407.4       -1.94122e-08
11274.2       10349.9       -6.09963e-08
11230.6       10292.3       -1.79649e-07
11187       10234.7       -2.45348e-07
11143.4       10177.2       -6.05327e-07
11099.8       10119.6       -1.37889e-06
11056.1       10062       -2.83134e-06
11012.5       10004.5       -5.28017e-06
10968.9       9946.92       -9.03248e-06
10925.3       9889.36       -1.41269e-05
10881.7       9831.79       -2.01229e-05
10838.1       9774.23       -2.5891e-05
10794.4       9716.67       -2.91543e-05
10750.8       9659.11       -2.89511e-05
10707.2       9601.54       -2.54431e-05
10663.6       9543.98       -1.95955e-05
10620       9486.42       -1.29603e-05
10576.4       9428.85       -7.29757e-06
10532.7       9371.29       -3.5927e-06
10489.1       9313.73       -1.53322e-06
10445.5       9256.16       -1.10593e-06
10401.9       9198.6       -3.38378e-07
10358.3       9141.04       -8.57658e-08
10314.7       9083.48       -1.75568e-08
10271       9025.91       -2.89285e-09
10227.4       8968.35       -3.92932e-10
10183.8       8910.79       -4.32933e-11
10140.2       8853.22       -3.93005e-12
11389.2       10534.6       -1.67073e-09
11344.9       10476.6       -5.93681e-09
11300.6       10418.7       -1.97256e-08
11256.2       10360.7       -6.13828e-08
11211.9       10302.7       -1.80976e-07
11167.6       10244.7       -2.51264e-07
11123.2       10186.7       -6.35476e-07
11078.9       10128.8       -1.47412e-06
11034.6       10070.8       -3.08724e-06
10990.2       10012.8       -5.88436e-06
10945.9       9954.82       -1.01004e-05
10901.6       9896.85       -1.54247e-05
10857.3       9838.87       -2.1302e-05
10812.9       9780.89       -2.66413e-05
10768.6       9722.91       -3.00127e-05
10724.3       9664.93       -3.00075e-05
10679.9       9606.95       -2.6442e-05
10635.6       9548.97       -1.99508e-05
10591.3       9490.99       -1.30479e-05
10546.9       9433.01       -7.52774e-06
10502.6       9375.03       -3.61962e-06
10458.3       9317.06       -1.45207e-06
10413.9       9259.08       -9.77162e-07
10369.6       9201.1       -2.81845e-07
10325.3       9143.12       -6.87977e-08
10280.9       9085.14       -1.39919e-08
10236.6       9027.16       -2.27328e-09
10192.3       8969.18       -2.98836e-10
10148       8911.2       -3.13774e-11
10103.6       8853.22       -2.57182e-12
11373.4       10546.7       -1.63046e-09
11328.4       10488.4       -6.06428e-09
11283.3       10430       -2.06218e-08
11238.3       10371.6       -6.47284e-08
11193.2       10313.2       -1.88951e-07
11148.1       10254.8       -2.56354e-07
11103.1       10196.4       -6.47229e-07
11058       10138       -1.52424e-06
11013       10079.6       -3.23944e-06
10967.9       10021.2       -6.25179e-06
10922.9       9962.77       -1.09585e-05
10877.8       9904.38       -1.70064e-05
10832.8       9845.98       -2.34775e-05
10787.7       9787.58       -2.89273e-05
10742.6       9729.19       -3.1372e-05
10697.6       9670.79       -3.02581e-05
10652.5       9612.39       -2.6154e-05
10607.5       9553.99       -1.97931e-05
10562.4       9495.6       -1.29205e-05
10517.4       9437.2       -7.23511e-06
10472.3       9378.8       -3.41245e-06
10427.3       9320.4       -1.36182e-06
10382.2       9262.01       -9.10488e-07
10337.1       9203.61       -2.50135e-07
10292.1       9145.21       -5.6354e-08
10247       9086.81       -1.03526e-08
10202       9028.42       -1.61408e-09
10156.9       8970.02       -2.05826e-10
10111.9       8911.62       -2.08375e-11
10066.8       8853.22       -1.65701e-12
11357.7       10559       -1.61037e-09
11311.9       10500.1       -5.9357e-09
11266.1       10441.3       -2.05691e-08
11220.3       10382.5       -6.72302e-08
11174.5       10323.7       -2.01093e-07
11128.7       10264.9       -2.7544e-07
11082.9       10206       -6.86973e-07
11037.1       10147.2       -1.57644e-06
10991.4       10088.4       -3.328e-06
10945.6       10029.6       -6.40532e-06
10899.8       9970.77       -1.13596e-05
10854       9911.95       -1.78822e-05
10808.2       9853.13       -2.50351e-05
10762.4       9794.32       -3.10004e-05
10716.6       9735.5       -3.38779e-05
10670.8       9676.68       -3.2139e-05
10625       9617.86       -2.66363e-05
10579.2       9559.04       -1.93141e-05
10533.4       9500.22       -1.22687e-05
10487.7       9441.41       -6.6733e-06
10441.9       9382.59       -3.1146e-06
10396.1       9323.77       -1.22275e-06
10350.3       9264.95       -7.8672e-07
10304.5       9206.13       -2.1035e-07
10258.7       9147.32       -4.60434e-08
10212.9       9088.5       -8.36521e-09
10167.1       9029.68       -1.20162e-09
10121.3       8970.86       -1.38312e-10
10075.5       8912.04       -1.28723e-11
10029.8       8853.22       -9.58848e-13
11342       10571.2       -1.51807e-09
11295.5       10512       -5.83406e-09
11248.9       10452.7       -2.08216e-08
11202.4       10393.5       -6.78567e-08
11155.8       10334.3       -2.0281e-07
11109.3       10275       -5.71141e-07
11062.8       10215.8       -7.39827e-07
11016.2       10156.5       -1.70758e-06
10969.7       10097.3       -3.56071e-06
10923.2       10038.1       -6.70297e-06
10876.6       9978.81       -1.1612e-05
10830.1       9919.57       -1.81641e-05
10783.6       9860.33       -2.54421e-05
10737       9801.09       -3.17605e-05
10690.5       9741.84       -3.46785e-05
10643.9       9682.6       -3.32621e-05
10597.4       9623.36       -2.75696e-05
10550.9       9564.12       -1.96413e-05
10504.3       9504.88       -1.20231e-05
10457.8       9445.64       -6.25189e-06
10411.3       9386.4       -2.77215e-06
10364.7       9327.15       -1.03904e-06
10318.2       9267.91       -6.50969e-07
10271.7       9208.67       -1.68722e-07
10225.1       9149.43       -3.58311e-08
10178.6       9090.19       -6.19043e-09
10132       9030.95       -8.59647e-10
10085.5       8971.71       -9.62692e-11
10039       8912.47       -8.40861e-12
9992.44       8853.22       -5.58621e-13
11326.4       10583.6       -1.46119e-09
11279.1       10523.9       -5.56713e-09
11231.8       10464.2       -2.00731e-08
11184.5       10404.6       -6.73736e-08
11137.2       10344.9       -2.08391e-07
11089.9       10285.2       -5.8422e-07
11042.6       10225.6       -7.53822e-07
10995.3       10165.9       -1.77894e-06
10948       10106.2       -3.81709e-06
10900.7       10046.6       -7.29011e-06
10853.4       9986.89       -1.24523e-05
10806.1       9927.23       -1.90439e-05
10758.8       9867.56       -2.59105e-05
10711.5       9807.89       -3.1589e-05
10664.3       9748.23       -3.42177e-05
10617       9688.56       -3.27184e-05
10569.7       9628.89       -2.69826e-05
10522.4       9569.23       -1.915e-05
10475.1       9509.56       -1.159e-05
10427.8       9449.89       -5.95876e-06
10380.5       9390.23       -2.55463e-06
10333.2       9330.56       -9.10444e-07
10285.9       9270.89       -5.34143e-07
10238.6       9211.23       -1.2919e-07
10191.3       9151.56       -2.631e-08
10144       9091.89       -4.38039e-09
10096.7       9032.22       -5.85841e-10
10049.5       8972.56       -6.1402e-11
10002.2       8912.89       -5.01343e-12
9954.87       8853.22       -3.16549e-13
11310.8       10596       -1.46988e-09
11262.7       10535.9       -5.6109e-09
11214.6       10475.8       -1.98984e-08
11166.6       10415.7       -6.58815e-08
11118.5       10355.6       -2.03872e-07
11070.5       10295.5       -5.86533e-07
11022.4       10235.4       -7.78485e-07
10974.3       10175.3       -1.8462e-06
10926.3       10115.2       -3.90546e-06
10878.2       10055.1       -7.49084e-06
10830.2       9995.02       -1.30874e-05
10782.1       9934.93       -2.02848e-05
10734.1       9874.83       -2.74937e-05
10686       9814.74       -3.27658e-05
10637.9       9754.64       -3.42247e-05
10589.9       9694.55       -3.14837e-05
10541.8       9634.46       -2.53042e-05
10493.8       9574.36       -1.77426e-05
10445.7       9514.27       -1.06257e-05
10397.6       9454.17       -5.36717e-06
10349.6       9394.08       -2.2567e-06
10301.5       9333.98       -7.90144e-07
10253.5       9273.89       -4.42883e-07
10205.4       9213.79       -1.03941e-07
10157.3       9153.7       -1.9713e-08
10109.3       9093.6       -3.01965e-09
10061.2       9033.51       -3.70573e-10
10013.2       8973.41       -3.65172e-11
9965.1       8913.32       -2.82339e-12
9917.04       8853.22       -1.68411e-13
11295.2       10608.4       -1.43513e-09
11246.4       10547.9       -5.6598e-09
11197.6       10487.4       -2.05081e-08
11148.7       10426.9       -6.82069e-08
11099.9       10366.3       -2.08031e-07
11051       10305.8       -5.86902e-07
11002.2       10245.3       -7.69466e-07
10953.4       10184.8       -1.83478e-06
10904.5       10124.2       -3.98037e-06
10855.7       10063.7       -7.78186e-06
10806.9       10003.2       -1.3382e-05
10758       9942.67       -2.04136e-05
10709.2       9882.15       -2.7845e-05
10660.3       9821.62       -3.36867e-05
10611.5       9761.1       -3.52701e-05
10562.7       9700.57       -3.17689e-05
10513.8       9640.05       -2.46073e-05
10465       9579.52       -1.6418e-05
10416.2       9519       -9.43939e-06
10367.3       9458.47       -4.5944e-06
10318.5       9397.95       -1.88588e-06
10269.6       9337.42       -6.31207e-07
10220.8       9276.9       -3.49215e-07
10172       9216.37       -7.91752e-08
10123.1       9155.85       -1.45727e-08
10074.3       9095.32       -2.13105e-09
10025.5       9034.8       -2.45746e-10
9976.62       8974.27       -2.21255e-11
9927.78       8913.75       -1.53514e-12
9878.94       8853.22       -8.23263e-14
11279.8       10621       -1.30732e-09
11230.1       10560       -5.34922e-09
11180.5       10499.1       -2.02261e-08
11130.9       10438.1       -6.95993e-08
11081.3       10377.2       -2.183e-07
11031.6       10316.2       -6.19413e-07
10982       10255.2       -8.04863e-07
10932.4       10194.3       -1.87839e-06
10882.7       10133.3       -3.97478e-06
10833.1       10072.4       -7.66273e-06
10783.5       10011.4       -1.32704e-05
10733.9       9950.46       -2.06617e-05
10684.2       9889.5       -2.81476e-05
10634.6       9828.54       -3.33567e-05
10585       9767.59       -3.41777e-05
10535.4       9706.63       -3.07973e-05
10485.7       9645.67       -2.39858e-05
10436.1       9584.71       -1.58117e-05
10386.5       9523.76       -8.73939e-06
10336.8       9462.8       -4.04489e-06
10287.2       9401.84       -1.56055e-06
10237.6       9340.88       -4.93345e-07
10188       9279.93       -2.60153e-07
10138.3       9218.97       -5.67245e-08
10088.7       9158.01       -1.00041e-08
10039.1       9097.05       -1.39334e-09
9989.46       9036.1       -1.52756e-10
9939.83       8975.14       -1.29081e-11
9890.2       8914.18       -8.41987e-13
9840.58       8853.22       -4.11599e-14
11264.3       10633.6       -1.24685e-09
11213.9       10572.2       -4.97415e-09
11163.5       10510.8       -1.87959e-08
11113.1       10449.4       -6.63399e-08
11062.6       10388       -2.15191e-07
11012.2       10326.6       -6.33001e-07
10961.8       10265.2       -8.41354e-07
10911.3       10203.9       -1.9927e-06
10860.9       10142.5       -4.21043e-06
10810.5       10081.1       -7.93605e-06
10760.1       10019.7       -1.33797e-05
10709.6       9958.28       -2.01556e-05
10659.2       9896.89       -2.70177e-05
10608.8       9835.5       -3.19068e-05
10558.4       9774.11       -3.31111e-05
10507.9       9712.72       -2.94434e-05
10457.5       9651.32       -2.21864e-05
10407.1       9589.93       -1.42261e-05
10356.6       9528.54       -7.74526e-06
10306.2       9467.15       -3.55033e-06
10255.8       9405.75       -1.31431e-06
10205.4       9344.36       -4.02127e-07
10154.9       9282.97       -1.98885e-07
10104.5       9221.58       -4.00747e-08
10054.1       9160.19       -6.53914e-09
10003.6       9098.79       -8.49644e-10
9953.22       9037.4       -8.66687e-11
9902.79       8976.01       -6.9405e-12
9852.37       8914.62       -4.20641e-13
9801.94       8853.22       -1.91062e-14
11249       10646.3       -1.21767e-09
11197.7       10584.4       -5.00182e-09
11146.5       10522.6       -1.88363e-08
11095.3       10460.8       -6.43755e-08
11044       10399       -2.03848e-07
10992.8       10337.1       -6.00294e-07
10941.5       10275.3       -1.62425e-06
10890.3       10213.5       -1.99546e-06
10839.1       10151.6       -4.33578e-06
10787.8       10089.8       -8.31511e-06
10736.6       10028       -1.40715e-05
10685.3       9966.15       -2.09157e-05
10634.1       9904.32       -2.71509e-05
10582.9       9842.5       -3.0912e-05
10531.6       9780.67       -3.07779e-05
10480.4       9718.84       -2.66422e-05
10429.1       9657.01       -1.97823e-05
10377.9       9595.18       -1.26423e-05
10326.7       9533.35       -6.72655e-06
10275.4       9471.52       -2.94693e-06
10224.2       9409.69       -1.03951e-06
10172.9       9347.86       -3.08505e-07
10121.7       9286.03       -1.48802e-07
10070.5       9224.2       -2.89256e-08
10019.2       9162.37       -4.43625e-09
9967.98       9100.54       -5.31319e-10
9916.74       9038.71       -4.95823e-11
9865.5       8976.88       -3.55617e-12
9814.26       8915.05       -1.95558e-13
9763.02       8853.22       -8.07537e-15
11233.7       10659       -1.16375e-09
11181.6       10596.8       -4.83235e-09
11129.5       10534.5       -1.85361e-08
11077.5       10472.2       -6.53435e-08
11025.4       10409.9       -2.10436e-07
10973.3       10347.7       -6.10196e-07
10921.3       10285.4       -1.58426e-06
10869.2       10223.1       -1.90273e-06
10817.2       10160.9       -4.1241e-06
10765.1       10098.6       -8.04799e-06
10713       10036.3       -1.39235e-05
10661       9974.06       -2.1047e-05
10608.9       9911.8       -2.76982e-05
10556.8       9849.53       -3.12762e-05
10504.8       9787.26       -3.04179e-05
10452.7       9724.99       -2.53091e-05
10400.7       9662.72       -1.79387e-05
10348.6       9600.45       -1.08336e-05
10296.5       9538.18       -5.5108e-06
10244.5       9475.91       -2.30587e-06
10192.4       9413.64       -8.11952e-07
10140.3       9351.38       -2.32455e-07
10088.3       9289.11       -1.06281e-07
10036.2       9226.84       -1.93051e-08
9984.14       9164.57       -2.77475e-09
9932.08       9102.3       -3.16389e-10
9880.02       9040.03       -2.79176e-11
9827.95       8977.76       -1.86016e-12
9775.89       8915.49       -9.23591e-14
9723.83       8853.22       -3.39089e-15
11218.4       10671.8       -1.08699e-09
11165.5       10609.1       -4.62594e-09
11112.6       10546.4       -1.8075e-08
11059.7       10483.7       -6.44204e-08
11006.8       10421       -2.08647e-07
10953.9       10358.3       -6.13979e-07
10901       10295.6       -1.63822e-06
10848.1       10232.9       -1.97671e-06
10795.2       10170.1       -4.18192e-06
10742.3       10107.4       -7.81415e-06
10689.4       10044.7       -1.3063e-05
10636.5       9982.02       -1.95112e-05
10583.6       9919.31       -2.57186e-05
10530.7       9856.59       -2.94197e-05
10477.8       9793.88       -2.88307e-05
10424.9       9731.17       -2.39532e-05
10372       9668.46       -1.67442e-05
10319.1       9605.75       -9.7837e-06
10266.2       9543.04       -4.65457e-06
10213.3       9480.33       -1.85828e-06
10160.4       9417.62       -6.09701e-07
10107.5       9354.91       -1.63633e-07
10054.6       9292.2       -7.04767e-08
10001.7       9229.49       -1.22529e-08
9948.84       9166.78       -1.68149e-09
9895.94       9104.07       -1.79284e-10
9843.04       9041.36       -1.44956e-11
9790.14       8978.65       -8.77254e-13
9737.24       8915.93       -3.98029e-14
9684.34       8853.22       -1.34255e-15
11210       10678.9       -1.04078e-09
11157.4       10616.9       -4.37552e-09
11104.8       10554.8       -1.69738e-08
11052.2       10492.7       -6.02608e-08
10999.6       10430.7       -1.9446e-07
10947       10368.6       -5.70306e-07
10894.4       10306.5       -1.51003e-06
10841.7       10244.5       -1.81694e-06
10789.1       10182.4       -3.90089e-06
10736.5       10120.4       -7.4346e-06
10683.9       10058.3       -1.24419e-05
10631.3       9996.23       -1.82465e-05
10578.7       9934.16       -2.36632e-05
10526.1       9872.1       -2.71925e-05
10473.5       9810.03       -2.73207e-05
10420.9       9747.97       -2.3497e-05
10368.3       9685.91       -1.71714e-05
10315.7       9623.84       -1.0524e-05
10263       9561.78       -5.24978e-06
10210.4       9499.71       -2.20432e-06
10157.8       9437.65       -7.57457e-07
10105.2       9375.59       -2.11716e-07
10052.6       9313.52       -4.80481e-08
10000       9251.46       -1.73947e-08
9947.39       9189.39       -2.53063e-09
9894.78       9127.33       -2.91028e-10
9842.17       9065.26       -2.58775e-11
9789.56       9003.2       -1.75528e-12
9736.95       8941.14       -8.95954e-14
9684.34       8879.07       -3.34244e-15
11201.6       10686       -9.95409e-10
11149.3       10624.6       -4.1323e-09
11097       10563.2       -1.58518e-08
11044.7       10501.8       -5.59855e-08
10992.4       10440.4       -1.79913e-07
10940       10378.9       -5.26824e-07
10887.7       10317.5       -1.39218e-06
10835.4       10256.1       -1.67616e-06
10783.1       10194.7       -3.58142e-06
10730.8       10133.2       -6.85073e-06
10678.4       10071.8       -1.16805e-05
10626.1       10010.4       -1.75772e-05
10573.8       9948.97       -2.30567e-05
10521.5       9887.55       -2.60779e-05
10469.2       9826.12       -2.58604e-05
10416.8       9764.7       -2.24101e-05
10364.5       9703.28       -1.68907e-05
10312.2       9641.85       -1.07913e-05
10259.9       9580.43       -5.68777e-06
10207.5       9519.01       -2.52309e-06
10155.2       9457.58       -9.22055e-07
10102.9       9396.16       -2.73764e-07
10050.6       9334.74       -6.56533e-08
9998.27       9273.31       -2.51223e-08
9945.95       9211.89       -3.85376e-09
9893.63       9150.47       -4.69618e-10
9841.31       9089.04       -4.46795e-11
9788.98       9027.62       -3.30303e-12
9736.66       8966.2       -1.86236e-13
9684.34       8904.78       -7.91122e-15
11193.3       10693.2       -9.66959e-10
11141.2       10632.4       -3.92523e-09
11089.2       10571.6       -1.47585e-08
11037.2       10510.8       -5.145e-08
10985.2       10450       -1.64687e-07
10933.1       10389.2       -4.81898e-07
10881.1       10328.5       -1.27455e-06
10829.1       10267.7       -2.46697e-06
10777       10206.9       -3.29936e-06
10725       10146.1       -6.31294e-06
10673       10085.3       -1.08096e-05
10620.9       10024.5       -1.63714e-05
10568.9       9963.73       -2.19087e-05
10516.9       9902.94       -2.56095e-05
10464.8       9842.15       -2.59555e-05
10412.8       9781.37       -2.24437e-05
10360.8       9720.58       -1.67727e-05
10308.7       9659.79       -1.08513e-05
10256.7       9599       -5.88961e-06
10204.7       9538.21       -2.74555e-06
10152.6       9477.42       -1.06164e-06
10100.6       9416.64       -3.36527e-07
10048.6       9355.85       -8.64444e-08
9996.54       9295.06       -3.56356e-08
9944.5       9234.27       -5.88774e-09
9892.47       9173.48       -7.70505e-10
9840.44       9112.7       -7.90063e-11
9788.41       9051.91       -6.28029e-12
9736.38       8991.12       -3.83625e-13
9684.34       8930.33       -1.77782e-14
11184.9       10700.3       -9.50132e-10
11133.2       10640.2       -3.79216e-09
11081.4       10580       -1.39881e-08
11029.7       10519.9       -4.78693e-08
10978       10459.7       -1.50552e-07
10926.2       10399.6       -4.3611e-07
10874.5       10339.4       -1.15435e-06
10822.7       10279.2       -2.76086e-06
10771       10219.1       -3.00867e-06
10719.2       10158.9       -5.80348e-06
10667.5       10098.8       -9.98836e-06
10615.7       10038.6       -1.52597e-05
10564       9978.44       -2.05989e-05
10512.3       9918.28       -2.43704e-05
10460.5       9858.12       -2.52227e-05
10408.8       9797.97       -2.26803e-05
10357       9737.81       -1.74604e-05
10305.3       9677.65       -1.14836e-05
10253.5       9617.49       -6.25232e-06
10201.8       9557.33       -2.94604e-06
10150       9497.17       -1.17626e-06
10098.3       9437.01       -3.90828e-07
10046.6       9376.86       -1.0761e-07
9994.81       9316.7       -2.40838e-08
9943.07       9256.54       -8.58256e-09
9891.32       9196.38       -1.22094e-09
9839.58       9136.22       -1.36668e-10
9787.83       9076.06       -1.18676e-11
9736.09       9015.91       -7.94024e-13
9684.34       8955.75       -4.05774e-14
11176.6       10707.5       -9.25262e-10
11125.2       10648       -3.65976e-09
11073.7       10588.5       -1.34011e-08
11022.2       10528.9       -4.52052e-08
10970.8       10469.4       -1.40085e-07
10919.3       10409.8       -3.98638e-07
10867.9       10350.3       -1.04243e-06
10816.4       10290.8       -2.4825e-06
10765       10231.2       -2.70557e-06
10713.5       10171.7       -5.2488e-06
10662       10112.2       -9.1284e-06
10610.6       10052.6       -1.40951e-05
10559.1       9993.11       -1.92863e-05
10507.7       9933.57       -2.31573e-05
10456.2       9874.04       -2.43685e-05
10404.7       9814.5       -2.22528e-05
10353.3       9754.97       -1.7614e-05
10301.8       9695.43       -1.20204e-05
10250.4       9635.9       -6.86429e-06
10198.9       9576.36       -3.34891e-06
10147.5       9516.83       -1.35604e-06
10096       9457.3       -4.59737e-07
10044.5       9397.76       -1.30344e-07
9993.09       9338.23       -3.07077e-08
9941.63       9278.69       -1.16519e-08
9890.17       9219.16       -1.8021e-09
9838.72       9159.62       -2.21259e-10
9787.26       9100.09       -2.13696e-11
9735.8       9040.55       -1.58138e-12
9684.34       8981.02       -8.97182e-14
11168.3       10714.7       -8.94261e-10
11117.1       10655.8       -3.51048e-09
11066       10596.9       -1.27636e-08
11014.8       10538       -4.27722e-08
10963.6       10479.1       -1.3165e-07
10912.5       10420.1       -3.71823e-07
10861.3       10361.2       -9.56472e-07
10810.1       10302.3       -2.25217e-06
10758.9       10243.4       -2.43521e-06
10707.8       10184.5       -4.72393e-06
10656.6       10125.6       -8.23644e-06
10605.4       10066.6       -1.28252e-05
10554.3       10007.7       -1.77474e-05
10503.1       9948.81       -2.17587e-05
10451.9       9889.89       -2.33206e-05
10400.7       9830.98       -2.17662e-05
10349.6       9772.06       -1.76491e-05
10298.4       9713.15       -1.23176e-05
10247.2       9654.23       -7.22932e-06
10196.1       9595.31       -3.66862e-06
10144.9       9536.4       -1.57112e-06
10093.7       9477.48       -5.64261e-07
10042.5       9418.56       -1.66839e-07
9991.37       9359.65       -4.02168e-08
9940.2       9300.73       -7.97261e-09
9889.03       9241.82       -2.56521e-09
9837.86       9182.9       -3.3708e-10
9786.69       9123.98       -3.53167e-11
9735.51       9065.07       -2.89715e-12
9684.34       9006.15       -1.84209e-13
11160       10721.9       -8.61208e-10
11109.1       10663.6       -3.33853e-09
11058.2       10605.3       -1.20403e-08
11007.4       10547       -4.01284e-08
10956.5       10488.7       -1.22981e-07
10905.6       10430.4       -3.46271e-07
10854.7       10372.1       -8.9169e-07
10803.8       10313.8       -2.08524e-06
10752.9       10255.5       -2.22856e-06
10702       10197.2       -4.29113e-06
10651.2       10138.9       -7.46138e-06
10600.3       10080.6       -1.16407e-05
10549.4       10022.3       -1.62203e-05
10498.5       9964       -2.00917e-05
10447.6       9905.69       -2.19441e-05
10396.7       9847.39       -2.09557e-05
10345.9       9789.09       -1.74231e-05
10295       9730.78       -1.25266e-05
10244.1       9672.48       -7.58135e-06
10193.2       9614.18       -3.97538e-06
10142.3       9555.87       -1.76552e-06
10091.4       9497.57       -6.59581e-07
10040.5       9439.27       -2.05647e-07
9989.66       9380.96       -5.31729e-08
9938.77       9322.66       -1.12964e-08
9887.88       9264.36       -3.83991e-09
9837       9206.06       -5.27416e-10
9786.11       9147.75       -5.80097e-11
9735.23       9089.45       -5.08469e-12
9684.34       9031.15       -3.51364e-13
11151.7       10729.2       -8.25616e-10
11101.1       10671.5       -3.17037e-09
11050.5       10613.8       -1.1289e-08
10999.9       10556.1       -3.73173e-08
10949.3       10498.4       -1.13935e-07
10898.7       10440.7       -3.19437e-07
10848.1       10383       -8.21497e-07
10797.5       10325.3       -1.9316e-06
10746.9       10267.6       -3.28026e-06
10696.3       10209.9       -3.9744e-06
10645.7       10152.2       -6.88843e-06
10595.1       10094.5       -1.07169e-05
10544.5       10036.8       -1.49205e-05
10493.9       9979.13       -1.85632e-05
10443.3       9921.44       -2.04723e-05
10392.7       9863.74       -1.98292e-05
10342.1       9806.04       -1.6866e-05
10291.5       9748.35       -1.24697e-05
10240.9       9690.65       -7.79053e-06
10190.3       9632.96       -4.23893e-06
10139.7       9575.26       -1.96102e-06
10089.1       9517.57       -7.63262e-07
10038.5       9459.87       -2.48376e-07
9987.94       9402.18       -6.75904e-08
9937.34       9344.48       -1.51771e-08
9886.74       9286.78       -5.52216e-09
9836.14       9229.09       -8.24638e-10
9785.54       9171.39       -9.88247e-11
9734.94       9113.7       -9.34281e-12
9684.34       9056       -6.9186e-13
11143.5       10736.4       -7.876e-10
11093.2       10679.3       -2.98878e-09
11042.9       10622.2       -1.05739e-08
10992.5       10565.2       -3.46256e-08
10942.2       10508.1       -1.04948e-07
10891.9       10451       -2.93473e-07
10841.6       10393.9       -7.50144e-07
10791.3       10336.8       -1.75636e-06
10741       10279.7       -3.74747e-06
10690.7       10222.6       -3.64826e-06
10640.3       10165.5       -6.3731e-06
10590       10108.4       -1.00057e-05
10539.7       10051.3       -1.39911e-05
10489.4       9994.22       -1.74487e-05
10439.1       9937.12       -1.93304e-05
10388.8       9880.03       -1.88708e-05
10338.4       9822.94       -1.62546e-05
10288.1       9765.84       -1.22578e-05
10237.8       9708.75       -7.86057e-06
10187.5       9651.66       -4.4251e-06
10137.2       9594.56       -2.12959e-06
10086.9       9537.47       -8.64796e-07
10036.6       9480.38       -2.96165e-07
9986.24       9423.28       -8.47942e-08
9935.92       9366.19       -2.00747e-08
9885.6       9309.1       -3.91802e-09
9835.29       9252       -1.23635e-09
9784.97       9194.91       -1.58521e-10
9734.66       9137.82       -1.6318e-11
9684.34       9080.72       -1.33248e-12
11135.3       10743.7       -7.55858e-10
11085.2       10687.2       -2.82198e-09
11035.2       10630.7       -9.83202e-09
10985.2       10574.2       -3.19933e-08
10935.1       10517.7       -9.61524e-08
10885.1       10461.2       -2.67019e-07
10835.1       10404.7       -6.8192e-07
10785       10348.2       -1.59085e-06
10735       10291.7       -3.39864e-06
10685       10235.2       -3.32471e-06
10634.9       10178.7       -5.82152e-06
10584.9       10122.2       -9.21373e-06
10534.9       10065.7       -1.30604e-05
10484.8       10009.3       -1.6519e-05
10434.8       9952.76       -1.85646e-05
10384.8       9896.26       -1.83456e-05
10334.8       9839.76       -1.59844e-05
10284.7       9783.27       -1.22091e-05
10234.7       9726.77       -7.95497e-06
10184.7       9670.27       -4.57827e-06
10134.6       9613.78       -2.26407e-06
10084.6       9557.28       -9.55516e-07
10034.6       9500.78       -3.42318e-07
9984.53       9444.29       -1.02744e-07
9934.5       9387.79       -2.57496e-08
9884.47       9331.29       -5.35687e-09
9834.44       9274.8       -1.80452e-09
9784.41       9218.3       -2.49294e-10
9734.37       9161.8       -2.76791e-11
9684.34       9105.31       -2.44201e-12
11127       10751       -7.31258e-10
11077.3       10695.1       -2.68703e-09
11027.5       10639.2       -9.22372e-09
10977.8       10583.3       -2.95488e-08
10928       10527.4       -8.82028e-08
10878.3       10471.5       -2.42561e-07
10828.5       10415.6       -6.16211e-07
10778.8       10359.7       -1.43805e-06
10729       10303.8       -3.05925e-06
10679.3       10247.9       -3.00346e-06
10629.6       10192       -5.28623e-06
10579.8       10136.1       -8.40485e-06
10530.1       10080.1       -1.20161e-05
10480.3       10024.2       -1.53697e-05
10430.6       9968.34       -1.75347e-05
10380.8       9912.43       -1.76742e-05
10331.1       9856.53       -1.57619e-05
10281.3       9800.62       -1.23282e-05
10231.6       9744.72       -8.19525e-06
10181.8       9688.81       -4.82627e-06
10132.1       9632.91       -2.43976e-06
10082.3       9577       -1.05853e-06
10032.6       9521.1       -3.9221e-07
9982.83       9465.19       -1.22692e-07
9933.08       9409.29       -3.22917e-08
9883.33       9353.38       -7.07786e-09
9833.59       9297.48       -2.11026e-09
9783.84       9241.57       -3.76587e-10
9734.09       9185.67       -4.50629e-11
9684.34       9129.76       -4.35159e-12
11118.8       10758.3       -7.20546e-10
11069.4       10703       -2.59633e-09
11019.9       10647.7       -8.77262e-09
10970.4       10592.4       -2.76781e-08
10921       10537       -8.1166e-08
10871.5       10481.7       -2.21346e-07
10822       10426.4       -5.57384e-07
10772.6       10371.1       -1.2935e-06
10723.1       10315.8       -2.74911e-06
10673.6       10260.5       -2.69449e-06
10624.2       10205.1       -4.75924e-06
10574.7       10149.8       -7.61148e-06
10525.2       10094.5       -1.09706e-05
10475.8       10039.2       -1.4168e-05
10426.3       9983.86       -1.63876e-05
10376.9       9928.54       -1.67991e-05
10327.4       9873.22       -1.52478e-05
10277.9       9817.91       -1.21713e-05
10228.5       9762.59       -8.353e-06
10179       9707.27       -5.07835e-06
10129.5       9651.95       -2.65353e-06
10080.1       9596.63       -1.19406e-06
10030.6       9541.31       -4.56469e-07
9981.13       9485.99       -1.48295e-07
9931.67       9430.67       -4.05479e-08
9882.2       9375.36       -9.28689e-09
9832.74       9320.04       -1.77754e-09
9783.27       9264.72       -5.52315e-10
9733.81       9209.4       -7.10643e-11
9684.34       9154.08       -7.37268e-12
11110.6       10765.7       -7.12709e-10
11061.5       10710.9       -2.54915e-09
11012.3       10656.2       -8.48169e-09
10963.1       10601.4       -2.63338e-08
10913.9       10546.7       -7.62683e-08
10864.7       10492       -2.0462e-07
10815.5       10437.2       -5.10096e-07
10766.4       10382.5       -1.17212e-06
10717.2       10327.8       -2.47953e-06
10668       10273       -4.78895e-06
10618.8       10218.3       -4.27954e-06
10569.6       10163.5       -6.84316e-06
10520.4       10108.8       -9.93967e-06
10471.3       10054.1       -1.29667e-05
10422.1       9999.33       -1.51607e-05
10372.9       9944.6       -1.57893e-05
10323.7       9889.86       -1.45932e-05
10274.5       9835.12       -1.18662e-05
10225.4       9780.38       -8.35862e-06
10176.2       9725.65       -5.21984e-06
10127       9670.91       -2.81995e-06
10077.8       9616.17       -1.31833e-06
10028.6       9561.43       -5.25452e-07
9979.44       9506.7       -1.78805e-07
9930.26       9451.96       -5.13662e-08
9881.07       9397.22       -1.23753e-08
9831.89       9342.48       -2.48014e-09
9782.71       9287.75       -8.17516e-10
9733.53       9233.01       -1.11312e-10
9684.34       9178.27       -1.23363e-11
11102.5       10773       -6.67894e-10
11053.6       10718.9       -2.43326e-09
11004.7       10664.7       -8.1499e-09
10955.8       10610.5       -2.52767e-08
10906.9       10556.4       -7.2697e-08
10858       10502.2       -1.93354e-07
10809.1       10448       -4.76119e-07
10760.2       10393.9       -1.08315e-06
10711.3       10339.7       -2.26763e-06
10662.4       10285.6       -4.35898e-06
10613.5       10231.4       -3.87263e-06
10564.6       10177.2       -6.18787e-06
10515.7       10123.1       -9.01407e-06
10466.8       10068.9       -1.18113e-05
10417.9       10014.8       -1.39403e-05
10369       9960.59       -1.47073e-05
10320.1       9906.43       -1.38095e-05
10271.2       9852.27       -1.12961e-05
10222.3       9798.11       -8.25701e-06
10173.4       9743.95       -5.30078e-06
10124.5       9689.79       -2.94974e-06
10075.6       9635.62       -1.42564e-06
10026.7       9581.46       -5.90419e-07
9977.75       9527.3       -2.09639e-07
9928.85       9473.14       -6.30233e-08
9879.95       9418.98       -1.60629e-08
9831.05       9364.82       -3.40805e-09
9782.15       9310.66       -6.05447e-10
9733.24       9256.49       -1.74355e-10
9684.34       9202.33       -2.08191e-11
11094.3       10780.4       -5.96563e-10
11045.7       10726.8       -2.25044e-09
10997.1       10673.2       -7.46629e-09
10948.5       10619.6       -2.32332e-08
10899.8       10566       -6.73317e-08
10851.2       10512.4       -1.81001e-07
10802.6       10458.8       -4.47359e-07
10754       10405.3       -1.01668e-06
10705.4       10351.7       -2.11985e-06
10656.7       10298.1       -4.05604e-06
10608.1       10244.5       -3.57134e-06
10559.5       10190.9       -5.71746e-06
10510.9       10137.3       -8.2777e-06
10462.3       10083.7       -1.08911e-05
10413.6       10030.1       -1.28951e-05
10365       9976.53       -1.37365e-05
10316.4       9922.94       -1.30197e-05
10267.8       9869.35       -1.08306e-05
10219.2       9815.76       -8.07752e-06
10170.5       9762.17       -5.3048e-06
10121.9       9708.58       -3.04268e-06
10073.3       9654.99       -1.51605e-06
10024.7       9601.4       -6.52648e-07
9976.06       9547.81       -2.40583e-07
9927.44       9494.22       -7.59532e-08
9878.82       9440.63       -2.02328e-08
9830.2       9387.04       -4.55161e-09
9781.58       9333.45       -8.53334e-10
9732.96       9279.86       -2.63804e-10
9684.34       9226.27       -3.36379e-11
11086.2       10787.8       -5.23932e-10
11037.9       10734.8       -2.12734e-09
10989.5       10681.7       -6.93136e-09
10941.2       10628.7       -2.11077e-08
10892.8       10575.7       -6.03483e-08
10844.5       10522.7       -1.61078e-07
10796.2       10469.6       -3.99934e-07
10747.8       10416.6       -9.18344e-07
10699.5       10363.6       -1.94323e-06
10651.1       10310.6       -3.76193e-06
10602.8       10257.5       -3.34525e-06
10554.5       10204.5       -5.37469e-06
10506.1       10151.5       -7.78352e-06
10457.8       10098.5       -1.02711e-05
10409.4       10045.4       -1.21972e-05
10361.1       9992.42       -1.305e-05
10312.8       9939.39       -1.24756e-05
10264.4       9886.37       -1.04789e-05
10216.1       9833.34       -7.9395e-06
10167.7       9780.32       -5.31456e-06
10119.4       9727.29       -3.12125e-06
10071.1       9674.27       -1.59502e-06
10022.7       9621.24       -7.10374e-07
9974.38       9568.22       -2.72036e-07
9926.04       9515.2       -8.94155e-08
9877.7       9462.17       -2.49874e-08
9829.36       9409.15       -5.91948e-09
9781.02       9356.12       -1.17365e-09
9732.68       9303.1       -1.95062e-10
9684.34       9250.07       -5.27782e-11
11078.1       10795.2       -4.26627e-10
11030       10742.7       -2.05539e-09
10982       10690.3       -6.57938e-09
10933.9       10637.8       -1.98163e-08
10885.8       10585.3       -5.57233e-08
10837.8       10532.9       -1.45988e-07
10789.7       10480.4       -3.57356e-07
10741.7       10428       -8.10004e-07
10693.6       10375.5       -1.70592e-06
10645.5       10323       -3.30034e-06
10597.5       10270.6       -5.89232e-06
10549.4       10218.1       -4.84836e-06
10501.4       10165.6       -7.20212e-06
10453.3       10113.2       -9.66543e-06
10405.2       10060.7       -1.16663e-05
10357.2       10008.2       -1.2662e-05
10309.1       9955.78       -1.2242e-05
10261.1       9903.32       -1.03905e-05
10213       9850.85       -7.96675e-06
10164.9       9798.39       -5.41789e-06
10116.9       9745.93       -3.245e-06
10068.8       9693.46       -1.69824e-06
10020.8       9641       -7.76362e-07
9972.7       9588.54       -3.06802e-07
9924.64       9536.07       -1.04527e-07
9876.58       9483.61       -3.04423e-08
9828.52       9431.14       -7.5449e-09
9780.46       9378.68       -1.58151e-09
9732.4       9326.22       -2.7755e-10
9684.34       9273.75       -8.03174e-11
11070       10802.6       -2.92419e-10
11022.2       10750.7       -1.98138e-09
10974.4       10698.8       -6.29361e-09
10926.6       10646.9       -1.8759e-08
10878.9       10595       -5.21801e-08
10831.1       10543.1       -1.3598e-07
10783.3       10491.2       -3.28875e-07
10735.5       10439.3       -7.3975e-07
10687.7       10387.4       -1.53786e-06
10640       10335.5       -2.94717e-06
10592.2       10283.6       -5.21618e-06
10544.4       10231.7       -4.25976e-06
10496.6       10179.7       -6.33123e-06
10448.8       10127.8       -8.56988e-06
10401.1       10075.9       -1.05277e-05
10353.3       10024       -1.16984e-05
10305.5       9972.11       -1.16456e-05
10257.7       9920.2       -1.01903e-05
10209.9       9868.3       -8.05723e-06
10162.2       9816.39       -5.61356e-06
10114.4       9764.48       -3.44979e-06
10066.6       9712.57       -1.84854e-06
10018.8       9660.67       -8.66738e-07
9971.03       9608.76       -3.5206e-07
9923.25       9556.85       -1.23954e-07
9875.47       9504.94       -3.74946e-08
9827.69       9453.03       -9.67124e-09
9779.91       9401.13       -2.12347e-09
9732.12       9349.22       -3.92174e-10
9684.34       9297.31       -1.02615e-10
11061.9       10810.1       -1.11606e-10
11014.4       10758.7       -1.90797e-09
10966.9       10707.4       -6.00072e-09
10919.4       10656       -1.7718e-08
10871.9       10604.7       -4.90524e-08
10824.4       10553.3       -1.26708e-07
10776.9       10501.9       -3.04998e-07
10729.4       10450.6       -6.82941e-07
10681.9       10399.2       -1.4132e-06
10634.4       10347.9       -2.70796e-06
10586.9       10296.5       -4.76908e-06
10539.4       10245.2       -3.88799e-06
10491.9       10193.8       -5.75906e-06
10444.4       10142.5       -7.76423e-06
10396.9       10091.1       -9.52478e-06
10349.4       10039.7       -1.05909e-05
10301.9       9988.38       -1.06051e-05
10254.4       9937.03       -9.40214e-06
10206.9       9885.67       -7.58506e-06
10159.4       9834.31       -5.4515e-06
10111.9       9782.96       -3.47559e-06
10064.4       9731.6       -1.94399e-06
10016.9       9680.24       -9.52844e-07
9969.36       9628.89       -4.0533e-07
9921.85       9577.53       -1.48712e-07
9874.35       9526.17       -4.69175e-08
9826.85       9474.82       -1.26519e-08
9779.35       9423.46       -2.89869e-09
9731.85       9372.1       -5.63193e-10
9684.34       9320.75       -9.1497e-11
11053.8       10817.6       1.23803e-10
11006.6       10766.8       -1.82893e-09
10959.4       10715.9       -5.69351e-09
10912.2       10665.1       -1.66992e-08
10864.9       10614.3       -4.57783e-08
10817.7       10563.5       -1.17658e-07
10770.5       10512.7       -2.82105e-07
10723.3       10461.9       -6.28146e-07
10676.1       10411.1       -1.29841e-06
10628.8       10360.3       -2.48443e-06
10581.6       10309.5       -4.37601e-06
10534.4       10258.6       -3.57936e-06
10487.2       10207.8       -5.32114e-06
10439.9       10157       -7.20633e-06
10392.7       10106.2       -8.90683e-06
10345.5       10055.4       -9.95045e-06
10298.3       10004.6       -1.00406e-05
10251       9953.78       -8.96638e-06
10203.8       9902.97       -7.29423e-06
10156.6       9852.16       -5.29671e-06
10109.4       9801.35       -3.42175e-06
10062.1       9750.54       -1.95162e-06
10014.9       9699.73       -9.79544e-07
9967.69       9648.92       -4.31308e-07
9920.46       9598.11       -1.64933e-07
9873.24       9547.3       -5.48044e-08
9826.02       9496.49       -1.56778e-08
9778.79       9445.68       -3.82514e-09
9731.57       9394.87       -7.92389e-10
9684.34       9344.06       -1.38102e-10
11045.8       10825.1       4.22676e-10
10998.9       10774.8       -1.7072e-09
10951.9       10724.5       -5.39711e-09
10905       10674.2       -1.56644e-08
10858       10624       -4.27051e-08
10811.1       10573.7       -1.09136e-07
10764.1       10523.4       -2.59504e-07
10717.2       10473.2       -5.75596e-07
10670.2       10422.9       -1.18893e-06
10623.3       10372.6       -2.26999e-06
10576.3       10322.4       -4.00725e-06
10529.4       10272.1       -6.51334e-06
10482.4       10221.8       -4.89295e-06
10435.5       10171.6       -6.67468e-06
10388.5       10121.3       -8.30713e-06
10341.6       10071       -9.37521e-06
10294.7       10020.7       -9.56208e-06
10247.7       9970.48       -8.67622e-06
10200.8       9920.21       -7.17693e-06
10153.8       9869.94       -5.30288e-06
10106.9       9819.67       -3.49143e-06
10059.9       9769.4       -2.03049e-06
10013       9719.14       -1.04295e-06
9966.02       9668.87       -4.70788e-07
9919.08       9618.6       -1.85206e-07
9872.13       9568.33       -6.32409e-08
9825.18       9518.06       -1.87032e-08
9778.24       9467.79       -4.75325e-09
9731.29       9417.52       -1.02936e-09
9684.34       9367.25       -1.89566e-10
11037.8       10832.6       7.8743e-10
10991.1       10782.8       -1.50945e-09
10944.4       10733.1       -5.0503e-09
10897.8       10683.4       -1.4561e-08
10851.1       10633.6       -3.94833e-08
10804.4       10583.9       -1.00157e-07
10757.8       10534.2       -2.37674e-07
10711.1       10484.4       -5.26255e-07
10664.4       10434.7       -1.08234e-06
10617.7       10385       -2.06381e-06
10571.1       10335.2       -3.65028e-06
10524.4       10285.5       -5.9476e-06
10477.7       10235.8       -4.47773e-06
10431.1       10186       -6.14645e-06
10384.4       10136.3       -7.71608e-06
10337.7       10086.6       -8.7836e-06
10291.1       10036.8       -9.08088e-06
10244.4       9987.12       -8.34162e-06
10197.7       9937.38       -7.01194e-06
10151       9887.65       -5.2813e-06
10104.4       9837.92       -3.55455e-06
10057.7       9788.18       -2.12302e-06
10011       9738.45       -1.11893e-06
9964.36       9688.72       -5.20586e-07
9917.69       9638.99       -2.12229e-07
9871.02       9589.25       -7.49685e-08
9824.35       9539.52       -2.3019e-08
9777.68       9489.79       -6.10631e-09
9731.01       9440.06       -1.38283e-09
9684.34       9390.32       -2.66745e-10
11029.8       10840.1       1.19959e-09
10983.4       10790.9       -1.21335e-09
10937       10741.7       -4.62994e-09
10890.6       10692.5       -1.32819e-08
10844.2       10643.3       -3.58242e-08
10797.8       10594.1       -9.05271e-08
10751.4       10544.9       -2.14632e-07
10705       10495.7       -4.73866e-07
10658.6       10446.5       -9.73066e-07
10612.2       10397.3       -1.86215e-06
10565.8       10348.1       -3.29315e-06
10519.4       10298.9       -5.37024e-06
10473       10249.7       -4.07453e-06
10426.6       10200.5       -5.62653e-06
10380.3       10151.3       -7.10527e-06
10333.9       10102.1       -8.16813e-06
10287.5       10052.9       -8.55099e-06
10241.1       10003.7       -7.96566e-06
10194.7       9954.49       -6.79236e-06
10148.3       9905.29       -5.21522e-06
10101.9       9856.09       -3.58431e-06
10055.5       9806.89       -2.19048e-06
10009.1       9757.68       -1.1879e-06
9962.71       9708.48       -5.68533e-07
9916.31       9659.28       -2.39192e-07
9869.92       9610.08       -8.79132e-08
9823.53       9560.88       -2.80883e-08
9777.13       9511.68       -7.77374e-09
9730.74       9462.48       -1.84965e-09
9684.34       9413.28       -3.76307e-10
11021.8       10847.7       1.60207e-09
10975.7       10799       -8.18211e-10
10929.5       10750.3       -4.06429e-09
10883.4       10701.6       -1.16479e-08
10837.3       10653       -3.14234e-08
10791.2       10604.3       -7.94066e-08
10745.1       10555.6       -1.8774e-07
10699       10506.9       -4.14905e-07
10652.8       10458.3       -8.55177e-07
10606.7       10409.6       -1.6365e-06
10560.6       10360.9       -2.90602e-06
10514.5       10312.2       -4.75873e-06
10468.4       10263.6       -3.63973e-06
10422.2       10214.9       -5.05654e-06
10376.1       10166.2       -6.43998e-06
10330       10117.5       -7.49187e-06
10283.9       10068.9       -7.9411e-06
10237.8       10020.2       -7.4998e-06
10191.6       9971.53       -6.50405e-06
10145.5       9922.85       -5.08973e-06
10099.4       9874.18       -3.57058e-06
10053.3       9825.51       -2.23646e-06
10007.2       9776.83       -1.24505e-06
9961.06       9728.16       -6.13174e-07
9914.94       9679.49       -2.66514e-07
9868.82       9630.81       -1.01602e-07
9822.7       9582.14       -3.37054e-08
9776.58       9533.47       -9.73423e-09
9730.46       9484.79       -2.42507e-09
9684.34       9436.12       -5.19549e-10
11013.8       10855.2       1.82564e-09
10968       10807.1       -3.5292e-10
10922.1       10758.9       -3.27022e-09
10876.3       10710.8       -9.42693e-09
10830.4       10662.6       -2.55949e-08
10784.6       10614.5       -6.49079e-08
10738.8       10566.3       -1.54558e-07
10692.9       10518.2       -3.43774e-07
10647.1       10470       -7.12086e-07
10601.2       10421.9       -1.37049e-06
10555.4       10373.7       -2.44983e-06
10509.5       10325.6       -4.0573e-06
10463.7       10277.4       -6.18828e-06
10417.8       10229.3       -4.38046e-06
10372       10181.1       -5.6444e-06
10326.2       10133       -6.65027e-06
10280.3       10084.8       -7.15549e-06
10234.5       10036.7       -6.85866e-06
10188.6       9988.5       -6.06579e-06
10142.8       9940.35       -4.83407e-06
10096.9       9892.2       -3.47242e-06
10051.1       9844.05       -2.22805e-06
10005.3       9795.9       -1.27368e-06
9959.41       9747.75       -6.46633e-07
9913.56       9699.6       -2.90352e-07
9867.72       9651.45       -1.14765e-07
9821.88       9603.29       -3.96058e-08
9776.03       9555.14       -1.19223e-08
9730.19       9506.99       -3.10924e-09
9684.34       9458.84       -6.99076e-10
11005.9       10862.8       1.75529e-09
10960.3       10815.2       5.52627e-11
10914.7       10767.5       -2.25116e-09
10869.2       10719.9       -6.53466e-09
10823.6       10672.3       -1.78851e-08
10778       10624.6       -4.6001e-08
10732.4       10577       -1.11001e-07
10686.9       10529.4       -2.50074e-07
10641.3       10481.7       -5.25943e-07
10595.7       10434.1       -1.02824e-06
10550.2       10386.5       -1.86854e-06
10504.6       10338.8       -3.14214e-06
10459       10291.2       -4.86099e-06
10413.5       10243.6       -3.50031e-06
10367.9       10195.9       -4.588e-06
10322.3       10148.3       -5.50859e-06
10276.7       10100.7       -6.04713e-06
10231.2       10053       -5.9024e-06
10185.6       10005.4       -5.33109e-06
10140       9957.78       -4.3549e-06
10094.5       9910.15       -3.20135e-06
10048.9       9862.51       -2.11275e-06
10003.3       9814.88       -1.24442e-06
9957.76       9767.25       -6.51761e-07
9912.19       9719.62       -3.02439e-07
9866.62       9671.98       -1.24017e-07
9821.05       9624.35       -4.46146e-08
9775.48       9576.72       -1.40238e-08
9729.91       9529.08       -3.83026e-09
9684.34       9481.45       -9.03456e-10
10997.9       10870.4       1.71595e-09
10952.6       10823.3       3.30613e-10
10907.3       10776.2       -1.48451e-09
10862       10729.1       -4.32744e-09
10816.7       10681.9       -1.15885e-08
10771.4       10634.8       -2.92665e-08
10726.2       10587.7       -6.93576e-08
10680.9       10540.6       -1.54974e-07
10635.6       10493.5       -3.26913e-07
10590.3       10446.3       -6.43008e-07
10545       10399.2       -1.17854e-06
10499.7       10352.1       -2.00771e-06
10454.4       10305       -3.17126e-06
10409.1       10257.9       -2.33231e-06
10363.8       10210.7       -3.13318e-06
10318.5       10163.6       -3.86087e-06
10273.2       10116.5       -4.31478e-06
10227.9       10069.4       -4.38904e-06
10182.6       10022.3       -4.08086e-06
10137.3       9975.14       -3.44079e-06
10092       9928.02       -2.61884e-06
10046.7       9880.9       -1.78902e-06
10001.4       9833.78       -1.08953e-06
9956.12       9786.66       -5.93321e-07
9910.82       9739.54       -2.86577e-07
9865.53       9692.42       -1.2236e-07
9820.23       9645.3       -4.60079e-08
9774.94       9598.18       -1.51828e-08
9729.64       9551.07       -4.35242e-09
9684.34       9503.95       -1.08262e-09
10990       10878       1.60963e-09
10945       10831.4       5.11567e-10
10900       10784.8       -9.55256e-10
10854.9       10738.2       -3.00898e-09
10809.9       10691.6       -7.96488e-09
10764.9       10645       -1.98933e-08
10719.9       10598.4       -4.68371e-08
10674.9       10551.8       -1.03554e-07
10629.8       10505.2       -2.14231e-07
10584.8       10458.5       -4.12963e-07
10539.8       10411.9       -7.42911e-07
10494.8       10365.3       -1.2468e-06
10449.7       10318.7       -1.94296e-06
10404.7       10272.1       -2.80078e-06
10359.7       10225.5       -1.88562e-06
10314.7       10178.9       -2.31709e-06
10269.6       10132.3       -2.57072e-06
10224.6       10085.7       -2.66069e-06
10179.6       10039       -2.50876e-06
10134.6       9992.44       -2.16122e-06
10089.6       9945.83       -1.68766e-06
10044.5       9899.22       -1.18906e-06
9999.51       9852.6       -7.52873e-07
9954.48       9805.99       -4.26251e-07
9909.46       9759.38       -2.15394e-07
9864.44       9712.77       -9.65978e-08
9819.41       9666.16       -3.82576e-08
9774.39       9619.55       -1.33251e-08
9729.37       9572.94       -4.06164e-09
9684.34       9526.33       -1.07612e-09
10982.1       10885.7       1.02835e-09
10937.4       10839.6       4.43101e-10
10892.6       10793.5       -4.1002e-10
10847.9       10747.4       -1.58449e-09
10803.1       10701.3       -4.32325e-09
10758.4       10655.2       -1.1093e-08
10713.6       10609.1       -2.6743e-08
10668.9       10562.9       -5.98683e-08
10624.1       10516.8       -1.25505e-07
10579.4       10470.7       -2.46138e-07
10534.6       10424.6       -4.50264e-07
10489.9       10378.5       -7.65046e-07
10445.1       10332.4       -1.20685e-06
10400.4       10286.3       -1.76418e-06
10355.6       10240.2       -1.19773e-06
10310.9       10194.1       -1.4814e-06
10266.1       10148       -1.65269e-06
10221.4       10101.9       -1.71991e-06
10176.6       10055.8       -1.63426e-06
10131.9       10009.7       -1.41397e-06
10087.1       9963.56       -1.11083e-06
10042.4       9917.45       -7.88808e-07
9997.6       9871.35       -5.01711e-07
9952.85       9825.24       -2.8621e-07
9908.1       9779.13       -1.4575e-07
9863.35       9733.03       -6.62671e-08
9818.6       9686.92       -2.68493e-08
9773.85       9640.81       -9.61409e-09
9729.09       9594.71       -3.02624e-09
9684.34       9548.6       -8.31148e-10
10974.2       10893.4       -4.37416e-10
10929.8       10847.7       -1.43565e-10
10885.3       10802.1       2.94636e-11
10840.8       10756.5       3.88085e-11
10796.3       10710.9       -1.78843e-10
10751.8       10665.3       -1.0802e-09
10707.4       10619.7       -3.87955e-09
10662.9       10574.1       -1.12458e-08
10618.4       10528.5       -2.84358e-08
10573.9       10482.9       -6.464e-08
10529.4       10437.3       -1.32791e-07
10485       10391.7       -2.48306e-07
10440.5       10346.1       -4.24107e-07
10396       10300.5       -6.62824e-07
10351.5       10254.9       -4.78131e-07
10307.1       10209.3       -6.25813e-07
10262.6       10163.6       -7.35229e-07
10218.1       10118       -8.0563e-07
10173.6       10072.4       -8.04474e-07
10129.1       10026.8       -7.29517e-07
10084.7       9981.22       -5.98791e-07
10040.2       9935.61       -4.43838e-07
9995.7       9890.01       -2.94767e-07
9951.22       9844.4       -1.7549e-07
9906.74       9798.79       -9.35313e-08
9862.26       9753.19       -4.44627e-08
9817.78       9707.58       -1.87881e-08
9773.3       9661.97       -7.01901e-09
9728.82       9616.37       -2.31223e-09
9684.34       9570.76       -6.63744e-10
10966.4       10901       -3.47752e-09
10922.2       10855.9       -1.75928e-09
10878       10810.8       1.29991e-10
10833.8       10765.7       2.02165e-09
10789.5       10720.6       4.77751e-09
10745.3       10675.5       1.06407e-08
10701.1       10630.4       2.22865e-08
10656.9       10585.3       4.37684e-08
10612.7       10540.1       8.03888e-08
10568.5       10495       1.37716e-07
10524.3       10449.9       2.22313e-07
10480.1       10404.8       3.32858e-07
10435.9       10359.7       4.60638e-07
10391.7       10314.6       5.86722e-07
10347.5       10269.5       6.84338e-07
10303.3       10224.4       3.66163e-07
10259       10179.3       3.47441e-07
10214.8       10134.1       3.02264e-07
10170.6       10089       2.32458e-07
10126.4       10043.9       1.54294e-07
10082.2       9998.81       8.44598e-08
10038       9953.7       3.36828e-08
9993.8       9908.59       4.69967e-09
9949.59       9863.48       -5.22468e-09
9905.38       9818.37       -6.71386e-09
9861.18       9773.26       -5.05809e-09
9816.97       9728.15       -2.92795e-09
9772.76       9683.04       -1.39759e-09
9728.55       9637.93       -5.64652e-10
9684.34       9592.81       -1.93775e-10
10958.5       10908.7       -9.52657e-09
10914.6       10864.1       -5.40856e-09
10870.7       10819.5       -6.31973e-10
10826.7       10774.9       4.42234e-09
10782.8       10730.3       1.09217e-08
10738.8       10685.6       2.49226e-08
10694.9       10641       5.41165e-08
10651       10596.4       1.10974e-07
10607       10551.8       2.13722e-07
10563.1       10507.2       3.85704e-07
10519.2       10462.5       6.50992e-07
10475.2       10417.9       1.03219e-06
10431.3       10373.3       1.52567e-06
10387.3       10328.7       2.09696e-06
10343.4       10284.1       2.67277e-06
10299.5       10239.4       1.59214e-06
10255.5       10194.8       1.70788e-06
10211.6       10150.2       1.71241e-06
10167.7       10105.6       1.5723e-06
10123.7       10061       1.31669e-06
10079.8       10016.3       1.01792e-06
10035.8       9971.72       7.18404e-07
9991.91       9927.1       4.58383e-07
9947.97       9882.48       2.63658e-07
9904.03       9837.86       1.36063e-07
9860.09       9793.24       6.33524e-08
9816.16       9748.62       2.6307e-08
9772.22       9704       9.70352e-09
9728.28       9659.38       3.16794e-09
9684.34       9614.76       9.1183e-10
10950.7       10916.5       -2.13348e-08
10907       10872.3       -1.31594e-08
10863.4       10828.2       -3.38463e-09
10819.7       10784.1       7.16259e-09
10776       10739.9       1.93797e-08
10732.4       10695.8       4.46996e-08
10688.7       10651.7       9.72912e-08
10645       10607.5       1.99671e-07
10601.4       10563.4       3.87653e-07
10557.7       10519.3       7.06792e-07
10514       10475.1       1.21072e-06
10470.4       10431       1.94449e-06
10426.7       10386.9       2.92115e-06
10383       10342.7       4.08094e-06
10339.4       10298.6       5.28557e-06
10295.7       10254.5       3.2229e-06
10252       10210.3       3.54719e-06
10208.4       10166.2       3.65554e-06
10164.7       10122.1       3.4644e-06
10121       10077.9       3.02413e-06
10077.4       10033.8       2.40488e-06
10033.7       9989.66       1.74411e-06
9990.02       9945.53       1.15749e-06
9946.35       9901.4       6.95871e-07
9902.68       9857.26       3.76492e-07
9859.02       9813.13       1.82469e-07
9815.35       9769       7.97682e-08
9771.68       9724.86       3.12543e-08
9728.01       9680.73       1.08594e-08
9684.34       9636.6       3.33101e-09
10942.9       10924.2       -4.53684e-08
10899.5       10880.6       -2.97473e-08
10856.1       10836.9       -1.08098e-08
10812.7       10793.3       9.92388e-09
10769.3       10749.6       3.20151e-08
10725.9       10705.9       7.35784e-08
10682.5       10662.3       1.60561e-07
10639.1       10618.6       3.30591e-07
10595.7       10575       6.43074e-07
10552.3       10531.3       1.1822e-06
10508.9       10487.7       2.02438e-06
10465.5       10444       3.27533e-06
10422.1       10400.4       4.98013e-06
10378.7       10356.7       7.00521e-06
10335.3       10313.1       9.1799e-06
10291.9       10269.4       1.1312e-05
10248.5       10225.8       6.34233e-06
10205.1       10182.1       6.59572e-06
10161.7       10138.5       6.42715e-06
10118.3       10094.8       5.71647e-06
10074.9       10051.2       4.6325e-06
10031.5       10007.5       3.45964e-06
9988.14       9963.88       2.35538e-06
9944.74       9920.23       1.44799e-06
9901.34       9876.58       8.089e-07
9857.94       9832.93       4.08207e-07
9814.54       9789.28       1.8461e-07
9771.14       9745.63       7.50084e-08
9727.74       9701.98       2.70872e-08
9684.34       9658.33       8.70859e-09
10935.1       10932       -9.50433e-08
10892       10888.8       -6.56376e-08
10848.9       10845.6       -2.94027e-08
10805.7       10802.4       1.0861e-08
10762.6       10759.3       5.23127e-08
10719.5       10716.1       1.20498e-07
10676.3       10672.9       2.63324e-07
10633.2       10629.8       5.42572e-07
10590.1       10586.6       1.05988e-06
10547       10543.4       1.94928e-06
10503.8       10500.2       3.37616e-06
10460.7       10457.1       5.4983e-06
10417.6       10413.9       8.36028e-06
10374.4       10370.7       1.19393e-05
10331.3       10327.5       1.58527e-05
10288.2       10284.4       1.9597e-05
10245       10241.2       1.11727e-05
10201.9       10198       1.18626e-05
10158.8       10154.9       1.16766e-05
10115.6       10111.7       1.05663e-05
10072.5       10068.5       8.77148e-06
10029.4       10025.3       6.70051e-06
9986.26       9982.16       4.64779e-06
9943.13       9938.99       2.94536e-06
9900       9895.82       1.69263e-06
9856.87       9852.65       8.77435e-07
9813.73       9809.47       4.12368e-07
9770.6       9766.3       1.72869e-07
9727.47       9723.13       6.50102e-08
9684.34       9679.96       2.18087e-08
10927.4       10939.7       -7.04891e-08
10884.5       10897       -5.02638e-08
10841.6       10854.3       -2.5617e-08
10798.8       10811.6       1.43463e-09
10755.9       10768.9       2.87067e-08
10713       10726.2       6.51248e-08
10670.2       10683.5       1.40871e-07
10627.3       10640.8       2.85408e-07
10584.5       10598.2       5.54822e-07
10541.6       10555.5       9.99748e-07
10498.7       10512.8       1.73382e-06
10455.9       10470.1       2.76937e-06
10413       10427.4       4.23135e-06
10370.1       10384.7       5.94861e-06
10327.3       10342       7.93117e-06
10284.4       10299.3       9.72615e-06
10241.6       10256.6       5.5555e-06
10198.7       10213.9       5.88693e-06
10155.8       10171.2       5.81298e-06
10113       10128.5       5.26921e-06
10070.1       10085.8       4.40736e-06
10027.2       10043.1       3.38281e-06
9984.38       10000.4       2.37536e-06
9941.52       9957.67       1.52121e-06
9898.66       9914.97       8.86941e-07
9855.79       9872.27       4.67947e-07
9812.93       9829.57       2.23513e-07
9770.07       9786.88       9.57766e-08
9727.21       9744.18       3.69486e-08
9684.34       9701.48       1.26675e-08
10919.6       10947.5       -3.97569e-08
10877       10905.3       -2.88399e-08
10834.4       10863.1       -1.60812e-08
10791.8       10820.9       -2.29364e-09
10749.2       10778.6       1.13041e-08
10706.6       10736.4       2.65166e-08
10664       10694.2       5.5928e-08
10621.4       10651.9       1.12733e-07
10578.8       10609.7       2.14107e-07
10536.3       10567.5       3.84387e-07
10493.7       10525.2       6.53172e-07
10451.1       10483       1.03495e-06
10408.5       10440.8       1.56133e-06
10365.9       10398.6       2.18119e-06
10323.3       10356.3       2.8794e-06
10280.7       10314.1       3.51975e-06
10238.1       10271.9       3.9506e-06
10195.5       10229.6       2.1132e-06
10152.9       10187.4       2.07905e-06
10110.3       10145.2       1.88588e-06
10067.7       10103       1.58497e-06
10025.1       10060.7       1.21423e-06
9982.51       10018.5       8.6227e-07
9939.92       9976.27       5.533e-07
9897.32       9934.04       3.2703e-07
9854.73       9891.81       1.7414e-07
9812.13       9849.58       8.43453e-08
9769.53       9807.36       3.67897e-08
9726.94       9765.13       1.44366e-08
9684.34       9722.9       5.07314e-09
10911.9       10955.4       -2.18138e-08
10869.6       10913.6       -1.60198e-08
10827.2       10871.8       -9.55021e-09
10784.9       10830.1       -2.6367e-09
10742.6       10788.3       3.99955e-09
10700.2       10746.5       1.0437e-08
10657.9       10704.8       2.16251e-08
10615.6       10663       4.27173e-08
10573.3       10621.2       7.99115e-08
10530.9       10579.5       1.41522e-07
10488.6       10537.7       2.35859e-07
10446.3       10496       3.70788e-07
10403.9       10454.2       5.48709e-07
10361.6       10412.4       7.59662e-07
10319.3       10370.7       9.85913e-07
10276.9       10328.9       1.19508e-06
10234.6       10287.1       1.3345e-06
10192.3       10245.4       7.03095e-07
10150       10203.6       6.89396e-07
10107.6       10161.8       6.25572e-07
10065.3       10120.1       5.17209e-07
10023       10078.3       4.00655e-07
9980.65       10036.6       2.82496e-07
9938.32       9994.8       1.82486e-07
9895.99       9953.03       1.07832e-07
9853.66       9911.27       5.7926e-08
9811.33       9869.51       2.82432e-08
9769       9827.74       1.24249e-08
9726.67       9785.98       4.93818e-09
9684.34       9744.22       1.75791e-09
